-2.4807401378542503e-7 1.1741600797414194e-8
-1.3043200784485268e-6 2.2770864580220653e-7
-6.510264270314584e-6 1.1753988206326143e-6
-1.6312154363349994e-6 3.266392575160382e-7
-0.00016167401480351 0.000029456151398818145
-0.0002418685842150466 0.00004846266124908845
-0.00009045784345468808 0.000018411919367689604
-1.5678379708838777e-7 -1.0679928015377518e-7
-0.0014620589323983562 0.0003200958333228404
-0.00010446185084557347 0.000025121404148548594
-0.0018890125645407165 0.0005019299977918738
-0.00016242528586420517 0.000014578535532117998
-0.0015012293199549592 0.00026695550609723783
-0.0009987143211253671 0.00027683457148806135
-0.006413919204256284 0.002168436483260373
-0.0017958568240180705 0.000358186729522741
-0.00011147641191077068 0.00019880424150907876
-0.000020698865389608915 0.000033466631056901275
-0.011644707668070707 0.004191018801213201
-0.00008921829929907157 0.0001254529179320961
-0.004636349211437851 0.0007741214401383274
-0.002638567729139601 0.0013746164138255486
-0.0033625899829071767 0.003917289323652846
-7.479627461640935e-7 -3.2766859418078903e-6
-0.012483320435281341 0.006547718309532014
-0.00005449623643789861 0.00011875121470806043
-0.012732908764248306 0.0008656472023904798
-0.003730941973991054 0.007848163479933926
-0.001651199475187155 0.0013674341861869943
-0.0057851422733918 0.004950117847553726
-0.0028625460251229962 0.004262813244576952
-0.011464285565088399 0.013683565971773393
-0.02061859036350942 -0.009046026567997996
0.000019566888953964444 0.000278005911914547
-0.006659458333286221 0.004058270297399383
-0.004441586154969828 0.007011095282393203
-0.002027013640613282 0.008225492363202438
-0.00030088363809045076 0.0025717576360976178
-0.017554186197230648 -0.0004723308508308695
-0.011084258703403916 -0.008915205921295754
-0.000527930910273698 -0.0030497540494061103
-0.036353499365218596 0.015811791421953207
-0.0057374331156836555 -0.01122902536959296
0.00012684301964484645 0.0008534930948332186
-0.0057048577608756305 0.0018143668120205094
-0.0004300614893221976 -0.0018424251833023993
-0.05467866296627437 -0.02073038080999386
-0.00570479496671954 -0.014604064090202913
