48
0.026669123283992395 2.815724871729616e-115 0.15023661324695003
-30.636269375719603 -1.0312158650919817e-8 1.3115650679152823e-8 
  -3.439696741391227e-8
-21.13128472212754 -3.8583946110841886e-7 7.05845689211256e-8 
  -1.617437447035112e-8
-18.26918886055369 -1.9538505198381702e-6 4.119935340824775e-7 
  -1.3469170946473937e-7
-14.160963277332186 -4.837656085697105e-7 1.3744179260146738e-7 
  -6.358092383522401e-8
-13.369826934433009 -0.000049108119982541295 0.000012225196049943268 
  -7.251170076292257e-6
-11.243123095526482 -0.00007726778846635106 0.000021359868811932045 
  -0.000011992274494871655
-9.624878279875212 -0.00003143160706411396 8.25306993863108e-6 
  -4.730868299935623e-6
-8.62142781223786 -1.3773244260634355e-7 -8.009742475649044e-8 
  -5.8194307281708276e-9
-8.075728087309695 -0.000539449618711369 0.00015418076315451809 
  -0.0000870496689585936
-6.475639623525028 -0.000041007632588948816 0.000013249707550307718 
  -7.747840923230205e-6
-6.317211937215521 -0.000720022685122544 0.0002798133226039362 
  -0.00014416525731442243
-5.620423869129757 -0.00007888033449783518 3.551127059615868e-6 
  -0.000014805488908456405
-4.749989954481883 -0.0007016877859909763 0.00014612556832180226 
  -0.000158166338906397
-4.28785944965079 -0.00043605273425982783 0.00017508687753974266 
  -0.000115314702282844
-3.9626214940750613 -0.0026679826295633664 0.0015130033553314164 
  -0.0007957260118056112
-3.486031643693317 -0.0009449700556349265 0.00021151567028805283 
  -0.00024880375442991326
-2.927957911451817 0.00003060554037750489 0.00016820027185840208 
  -0.000018588627528469196
-2.7696402461801886 5.4588821862957576e-6 0.00003246339064366476 
  -3.510912784709089e-6
-2.3439167689602876 -0.006322095216426263 0.003574731703369322 
  -0.0022673952511717043
-2.248487532286778 0.000013509680772071659 0.00013681161842127488 
  -0.00001923411549166038
-1.8030986943308447 -0.0033469935448881376 0.0007194223161386336 
  -0.001157942535264767
-1.7702843339604837 -0.001537514218656668 0.0011892301102941233 
  -0.000675517904799221
-1.6764333245315457 -0.0007085359211031001 0.004055579687952288 
  -0.0009542909080315443
-1.347557014152367 -4.468154815862511e-6 -6.890877282494717e-6 
  -4.823053931872828e-8
-1.2166018308683488 -0.007927324678095045 0.00813275178768016 
  -0.004873656666485574
-1.0848802045388513 -0.000035488478682475836 0.0000668243515473671 
  -0.00002486512492702042
-0.9366668832293218 -0.012446212158978148 0.002027777897502625 
  -0.006293508299614966
-0.8735346903561486 0.0004755335085672642 0.010866274299888248 
  -0.002427654616169127
-0.7383714462517489 -0.0018024217726091286 0.0010208678606014295 
  -0.0010792705964842164
-0.6619924821999006 -0.003292377666511077 0.00950994974317114 
  -0.004505270050768607
-0.6066543730235356 -0.002222659749785507 0.0053754502979323415 
  -0.002416522932512007
-0.4713487171250126 -0.007185280065897441 0.029300946518258913 
  -0.01287464686029952
-0.3903166031784771 -0.03143846944797162 -0.006469857490561333 
  -0.025034763951708366
-0.3629086970308222 0.00025156227969279094 0.0006900933356494672 
  -0.000017029332578986553
-0.3468927042304547 -0.009237275898878348 0.009915910632885107 
  -0.009541462779082127
-0.29335280937373287 -0.00904684126665019 0.010130182345528678 
  -0.007175544245653537
-0.22788161284757552 0.0010877934234041473 0.024823090733262814 
  -0.006151409044863437
-0.17925345221257785 0.001506387438270089 0.00935087759129544 
  -0.0016536745552335
-0.15839797216185614 -0.025151339158974342 0.041532536744003784 
  -0.06267690340155002
-0.14716803607892 -0.02521811182800083 -0.00943043742299567 
  -0.0392105477424055
-0.09412685178369819 -0.003247934413581498 -0.014358710326655115 
  -0.002161268517067183
-0.08797936012584812 -0.1377293557598613 0.10953308038275592 
  -0.2215112703720869
-0.07480832797584315 -0.01458065811642037 -0.04132409774608616 
  -0.045363533099995745
-0.056583465227307526 0.005119938461633398 0.010489375553213396 
  -0.0010414627473223097
-0.04523592818481314 0.00746492145253619 0.06602067770517454 
  -0.09331374536024897
-0.02684603214651508 -0.005227985490502127 -0.02469092976693051 
  -0.008781399547379016
-0.02047513315966905 -0.21266606778566835 0.1044604695954468 
  -1.7940482707489185
-0.016252832428901517 -0.026548537212899688 -0.2768368206805615 
  -0.23580922443376906
