0.463746907728502 -0.07717762359651917
1.3182131534583088e-7 -6.239239804938137e-9
0.000055149079091656066 -9.627945106953567e-6
0.00016738788595369944 -0.00003022112706473247
0.000021998568218840366 -4.4050563949802166e-6
0.0019407088044163384 -0.0003535868917054067
0.0027621758275734264 -0.0005534509240898097
0.0010652385986883112 -0.0002168201942181431
6.577060869698737e-6 4.480216575029059e-6
0.016059187966343768 -0.003515917888578209
0.0009799787424803162 -0.0002356692117510729
0.016722274610012123 -0.004443279740767217
0.0015338206006141985 -0.00013766857793707897
0.01180461504697859 -0.0020991509706483652
0.006693766301805068 -0.0018554514405214166
0.03811692553973112 -0.012886681190998266
0.012089483944083823 -0.0024112683470280363
-0.00032531991083327455 0.0005801673826098584
-0.00005704336763893527 0.00009222966105059045
0.057548939693204765 -0.020712300825329856
-0.00011107127167403668 0.0001561811336845498
0.023753025964411333 -0.003965992600783986
0.010644504722844115 -0.005545474822371306
0.0044251697807880215 -0.005155154338098984
0.00012281771071200102 0.0005380415911874212
0.03598957926303347 -0.018877159191308304
0.00013785997130455788 -0.00030040678259846956
0.044632062239368185 -0.003034312153630492
-0.0012953515721583389 0.002724816138433046
0.004887655163914988 -0.0040476919123737035
0.007493380730437589 -0.006411790054474629
0.004666695653233744 -0.006949495960736469
0.011340450487474563 -0.013535758640515977
0.04589356560222917 0.020134956193351622
0.0005123238939422744 0.007279086198430953
0.01142727811219791 -0.006963777085451087
0.009925563009263191 -0.015667616378774122
-0.0006353359489531729 0.0025781528508121744
-0.0004858029519123803 0.004152327654466365
0.01248559429327764 0.00033595014371006496
0.012635465521127784 0.010162860687985678
0.0014062111934607594 0.00812340819247312
0.04006377302066737 -0.01742555829949493
0.0032686079081712103 0.0063971606089447625
0.0011052550546626512 0.007436968623305801
-0.0008089084611599912 0.00025726437492562494
0.0004538121580029341 0.0019441753543456772
0.011488329937738753 0.004355582992712755
0.0011383997291868316 0.0029142611964675467
