48
-0.008391056194226176 -8.859273465635475e-116 -0.04726979026498628
-30.636269375719603 5.4796643012957336e-9 -6.969381023672314e-9 
  1.827782531197146e-8
-21.13128472212754 0.000016314010118329927 -2.9844468688329124e-6 
  6.838826386729261e-7
-18.26918886055369 0.000050236195399398815 -0.000010592922780587361 
  3.463109877980909e-6
-14.160963277332186 6.524062061330351e-6 -1.853539749143322e-6 
  8.57452215845034e-7
-13.369826934433009 0.0005894859537834815 -0.00014674928211979833 
  0.00008704187637378544
-11.243123095526482 0.0008824098352601778 -0.00024393293367939536 
  0.00013695358921813675
-9.624878279875212 0.0003701410489657559 -0.00009718879337100059 
  0.00005571107298093782
-8.62142781223786 5.777858908746273e-6 3.3600770482205026e-6 
  2.441243982922366e-7
-8.075728087309695 0.005925289763147506 -0.0016935144004291843 
  0.0009561495540544784
-6.475639623525028 0.0003847012846442954 -0.00012429831214246304 
  0.00007268413629880087
-6.317211937215521 0.006373921112051951 -0.002477016462439775 
  0.001276206980984783
-5.620423869129757 0.0007448857571183226 -0.000033534137314008526 
  0.00013981175264140321
-4.749989954481883 0.005517580883005061 -0.0011490290388223951 
  0.0012437092184130714
-4.28785944965079 0.0029225926139813496 -0.0011734993841313725 
  0.0007728833480367115
-3.9626214940750613 0.015855406342642694 -0.008991543921891061 
  0.004728876085918614
-3.486031643693317 0.0063614204442410975 -0.0014238970867110794 
  0.0016749158141005254
-2.927957911451817 0.00008931568119167355 0.0004908562852463054 
  -0.000054246907901152806
-2.7696402461801886 0.000015043965820794543 0.00008946486159683793 
  -9.675616752739439e-6
-2.3439167689602876 0.03124422585054834 -0.01766656794491022 
  0.01120562201214607
-2.248487532286778 0.000016818718077490814 0.00017032201417441944 
  -0.000023945285708962618
-1.8030986943308447 0.01714737629734963 -0.0036857570850057537 
  0.0059323915975928836
-1.7702843339604837 0.006202636824967014 -0.004797589762724061 
  0.002725172997679997
-1.6764333245315457 0.0009324335594307264 -0.005337144513583592 
  0.0012558472218640766
-1.347557014152367 0.0007336843290730462 0.0011315025741237435 
  7.919598209817534e-6
-1.2166018308683488 0.022854582747052026 -0.02344683184307731 
  0.014050817153067894
-1.0848802045388513 0.00008977575283356919 -0.00016904659457105345 
  0.0000629016907035326
-0.9366668832293218 0.043627118202844366 -0.007107873856998869 
  0.022060336670367876
-0.8735346903561486 0.00016510122168360842 0.00377267874868797 
  -0.0008428611984946586
-0.7383714462517489 0.005335282754645552 -0.0030218336097629097 
  0.0031947094118169963
-0.6619924821999006 0.004264551880950142 -0.012318050410042577 
  0.0058355874736428755
-0.6066543730235356 0.003623514347684925 -0.008763384175965182 
  0.003939561832760013
-0.4713487171250126 0.007107666008781906 -0.028984443150853523 
  0.01273557732263456
-0.3903166031784771 0.06997682356586599 0.01440083070400608 
  0.05572323623963272
-0.3629086970308222 0.006586707115496434 0.01806885630798835 
  -0.0004458825313840578
-0.3468927042304547 0.015850676648576163 -0.017015177941921724 
  0.01637264523884364
-0.29335280937373287 0.020216875209425916 -0.0226378054275418 
  0.016035108641605067
-0.22788161284757552 0.000340951956650077 0.00778041232233477 
  -0.0019280636423023754
-0.17925345221257785 0.002432194282413403 0.015097809790032671 
  -0.002670002215917514
-0.15839797216185614 0.017889146961487842 -0.02954044111928614 
  0.044579587947754774
-0.14716803607892 0.028747306521526402 0.01075019720270713 0.04469793942210601
-0.09412685178369819 0.008651286823946091 0.03824625304575384 
  0.005756813858841075
-0.08797936012584812 0.15178614834326418 -0.12071213355894382 
  0.24411892699930202
-0.07480832797584315 0.008306581264606781 0.02354228275387965 
  0.025843543627186053
-0.056583465227307526 0.04461292296672272 0.0913998687740558 
  -0.009074854642721382
-0.04523592818481314 0.0010584730378841952 0.009361264915925874 
  -0.013231228775254969
-0.02684603214651508 0.005516707346179811 0.02605451638622521 
  0.009266363015118658
-0.02047513315966905 0.04468247430977267 -0.021947799654571356 
  0.3769407908036414
-0.016252832428901517 0.005297797335361683 0.0552431706187887 
  0.047056057018912446
