48
-7.418610115318523e-102 -7.832565320175089e-215 -4.179165722309307e-101
-30.636269375719603 -6.969381023672314e-9 8.864096262546274e-9 
  -2.3246885553395966e-8
-21.13128472212754 -2.9844468688329124e-6 5.459677325367738e-7 
  -1.2510789099875487e-7
-18.26918886055369 -0.000010592922780587361 2.2336487097275192e-6 
  -7.302395260326601e-7
-14.160963277332186 -1.853539749143322e-6 5.266059043211675e-7 
  -2.436092345718281e-7
-13.369826934433009 -0.00014674928211979833 0.000036532425691327174 
  -0.00002166859581679685
-11.243123095526482 -0.00024393293367939536 0.00006743269822677329 
  -0.00003785938173054558
-9.624878279875212 -0.00009718879337100059 0.00002551908680029954 
  -0.000014628185594519208
-8.62142781223786 3.3600770482205026e-6 1.9540314064934526e-6 
  1.4196898895725631e-7
-8.075728087309695 -0.0016935144004291843 0.00048402544670449107 
  -0.0002732782873887769
-6.475639623525028 -0.00012429831214246304 0.00004016121343538195 
  -0.000023484495170914804
-6.317211937215521 -0.002477016462439775 0.0009626116243573065 
  -0.0004959562011840142
-5.620423869129757 -0.000033534137314008526 1.5096789737867811e-6 
  -6.294208831870928e-6
-4.749989954481883 -0.0011490290388223951 0.0002392838020959024 
  -0.0002590008262877355
-4.28785944965079 -0.0011734993841313725 0.000471191502356099 
  -0.0003103334103383394
-3.9626214940750613 -0.008991543921891061 0.005099072225090687 
  -0.0026817286235901357
-3.486031643693317 -0.0014238970867110794 0.0003187154396279137 
  -0.00037490176432892065
-2.927957911451817 0.0004908562852463054 0.002697621398069391 
  -0.00029812721957877945
-2.7696402461801886 0.00008946486159683793 0.0005320379982170578 
  -0.0000575398617598137
-2.3439167689602876 -0.01766656794491022 0.009989289683317656 
  -0.006336046973590989
-2.248487532286778 0.00017032201417441944 0.0017248394543966981 
  -0.00024249227991940468
-1.8030986943308447 -0.0036857570850057537 0.0007922381275186593 
  -0.0012751428546672865
-1.7702843339604837 -0.004797589762724061 0.0037108197982423565 
  -0.0021078554886036108
-1.6764333245315457 -0.005337144513583592 0.030549213153874783 
  -0.007188327835565225
-1.347557014152367 0.0011315025741237435 0.0017450257890422932 
  0.000012213761975475099
-1.2166018308683488 -0.02344683184307731 0.024054428363976844 
  -0.014414927224532418
-1.0848802045388513 -0.00016904659457105345 0.00031831257588056254 
  -0.00011844307923439479
-0.9366668832293218 -0.007107873856998869 0.001158038230536027 
  -0.0035941427432096182
-0.8735346903561486 0.00377267874868797 0.08620835627780772 
  -0.019259969727832563
-0.7383714462517489 -0.0030218336097629097 0.0017115266022483537 
  -0.0018094411707886792
-0.6619924821999006 -0.012318050410042577 0.03558037752621823 
  -0.016855947044201607
-0.6066543730235356 -0.008763384175965182 0.02119403839662529 
  -0.009527737580921384
-0.4713487171250126 -0.028984443150853523 0.11819603562225253 
  -0.05193457549146458
-0.3903166031784771 0.01440083070400608 0.0029636087263984374 
  0.011467523823955333
-0.3629086970308222 0.01806885630798835 0.04956703897014307 
  -0.001223158590256131
-0.3468927042304547 -0.017015177941921724 0.018265231624749995 
  -0.01757549398649216
-0.29335280937373287 -0.0226378054275418 0.025348637178920056 
  -0.017955280708707378
-0.22788161284757552 0.00778041232233477 0.17754646871748656 
  -0.043997782761548705
-0.17925345221257785 0.015097809790032671 0.09371942944863089 
  -0.0165739989960377
-0.15839797216185614 -0.02954044111928614 0.048780283565261415 
  -0.07361450468978435
-0.14716803607892 0.01075019720270713 0.004020089318995995 
  0.016715015126112166
-0.09412685178369819 0.03824625304575384 0.1690818836327313 
  0.025450151412516657
-0.08797936012584812 -0.12071213355894382 0.09599966365441362 
  -0.19414233012595916
-0.07480832797584315 0.02354228275387965 0.06672288630042746 
  0.07324505618524638
-0.056583465227307526 0.0913998687740558 0.18725372507302235 
  -0.01859193409288726
-0.04523592818481314 0.009361264915925874 0.08279217107061768 
  -0.11701860443792857
-0.02684603214651508 0.02605451638622521 0.12305126618510172 
  0.04376353354783362
-0.02047513315966905 -0.021947799654571356 0.010780645367524934 
  -0.18515136160184825
-0.016252832428901517 0.0552431706187887 0.5760522169556059 
  0.49068048888770094
