0.5 -0.3316218963992326
7.935456828695613e-9 -1.6765862344332242e-7
1.7613137676957783e-6 -0.000010088843590282184
6.372498211575571e-6 -0.00003529580487169061
1.2515127919627524e-6 -6.249974361762429e-6
0.00008802350962173737 -0.00048312877011531997
0.00015299569674559845 -0.0007635745047647078
0.000056930981077099814 -0.0002797021685328142
2.6054414139508164e-6 3.8248478583599085e-6
0.001004888843085182 -0.004589896387743156
0.00007614553528639341 -0.00031663451225130446
0.001726735689322386 -0.006498566387983418
6.197724889016719e-6 -0.00006905132786406766
0.00043714545799889397 -0.002458295722111982
0.0007450135582774196 -0.0026877268474263345
0.007307990563738245 -0.02161597140756842
0.0005397219071913517 -0.0027060278625986867
0.0031884524917612745 -0.0017878755535166554
0.0005484799659414912 -0.00033923082860110845
0.011711452592117533 -0.03254016464068351
0.0015816357193594991 -0.0011248112145808933
0.0008524735839429465 -0.005105613956357071
0.0042892908271143365 -0.00823326729077942
0.029507521918301072 -0.025329172656149274
0.0008297784500636239 0.00018941191778511958
0.019366338127118007 -0.03692220603731187
0.0005656621301573676 -0.00025958856307116906
0.0004943601346870069 -0.007271602650905062
0.06226396046449713 -0.02959969222836164
0.0022925591810717366 -0.002768303260851406
0.018520293647367052 -0.02164444100011901
0.016807192435200877 -0.011286293613746197
0.055197645237546215 -0.046245369725188695
0.004143659008758939 0.009444633736751697
0.01996821177359989 0.0014054225670689048
0.007475384734914205 -0.012266805687966686
0.017543781985194695 -0.011114129252662426
0.0588326062311132 -0.014498158903750651
0.0257755120823732 -0.003015614589855714
-0.0005547562139574208 -0.020617526584911432
0.0038004519295634126 0.004725094714470589
0.03591256788103604 0.006216683163481118
0.013858157307152858 -0.031861823839214806
0.018130655570596867 0.00926379808184257
0.015236346579531334 0.002264370057827869
0.0022752775752539678 -0.007154085297051365
0.009182025699182996 0.0021432814113555273
-0.0021394397776671433 -0.005643008086147036
0.03038867255823045 0.011870746744516141
