 16-Jun-04 03/16/2004
 118898               1
  0.340000000E+04
*3400.000             1               0 SNB   3   2 CLC    39   40
  0.335085660E+02 0.169550000E+03-0.199249543E+01 0.138657250E+07
  0.138666581E+07 0.168938688E+03-0.138640633E+02 0.586577755E+02
  0.181207693E+01 0.180090164E+00 0.369041246E+00 0.178075658E+08
  0.171819266E+03-0.213023405E+01 0.499454949E+01 0.213525620E+01
  0.741464098E+00 0.104573266E+01 0.868091293E+01 0.780353611E+01
  0.383636859E+02 0.164435768E+02 0.355277576E+01-0.631870634E+00
  0.210417492E+03 0.145947974E+03 0.106694956E+03
  0.814598800E+14 0.960561196E+14 0.854350224E+14
  0.117315551E+03 0.114973855E+03
  0.935272951E+14 0.475185578E+14
  0.378112469E+01 0.339348506E+00 0.214859040E+01 0.144431545E+01
  0.681384385E+00 0.582439564E+01-0.500000000E+02-0.500000000E+02
 -0.500000000E+02-0.772055548E-01 0.171689769E+05 0.907481890E+06
  0.828749497E-04 0.126076887E+01 0.682193912E+00-0.172711459E-01
  0.139491726E+01 0.164536218E+03 0.000000000E+00 0.000000000E+00
  0.147291550E+03-0.120156465E+03-0.999000000E+03-0.999000000E+03
  0.109166395E+02-0.500000000E+02-0.201556169E+01-0.193204484E+01
  0.272918777E+02 0.456594572E+02 0.535332776E+02 0.780353611E+01
  0.174854948E+03 0.105389121E+00 0.280591440E+00 0.176138703E+03
  0.802127124E+00 0.230995259E+01 0.981727692E+06-0.141786118E-04
  0.368786901E+00 0.190549524E+03 0.114933538E+01 0.100000000E+02
    41   73   18    6
 -0.182730923E+00-0.181908822E+00-0.189231451E+00-0.135167604E+00
 -0.122918161E+00-0.392856040E+00-0.370012131E+00-0.156314291E+00
 -0.143583921E+00-0.184764114E+00-0.199968368E+00-0.219649343E+00
 -0.177759160E+00-0.711923686E-01-0.387117806E+00-0.438129437E+00
 -0.724176108E-02-0.611000775E-01-0.167314654E+00-0.168548237E+00
 -0.179202417E+00-0.157452649E+00-0.132603525E+00-0.134612276E+00
 -0.150804023E+00-0.335185787E+00-0.316117273E+00-0.432231352E+00
 -0.354020372E+00-0.177721096E+00-0.200841148E+00-0.193822022E+00
 -0.131328273E+00-0.562295133E-01-0.132834499E+00-0.379294083E+00
 -0.356120156E+00-0.435236444E+00-0.355693348E+00-0.452192847E-01
 -0.610715413E-01 0.487598307E+00 0.477584599E+00 0.353306534E+00
  0.259670093E+00 0.186032751E-01-0.292693038E-01 0.527253493E-01
  0.229279291E-01 0.803001604E-01 0.202893494E+00 0.297524130E+00
  0.286223175E+00 0.401727546E+00 0.389330169E+00 0.334996281E+00
  0.471125807E+00 0.392980177E+00 0.366321558E+00 0.282952132E+00
 -0.528051097E-01-0.205343505E+00-0.959438041E-01-0.992322118E-01
  0.140908177E+00 0.311092098E+00 0.368519443E+00 0.327047060E+00
  0.405377771E+00 0.373777020E+00 0.433850343E-01 0.511284269E-01
  0.918735194E-02 0.794363627E-01 0.136591410E+00 0.215994937E+00
  0.290924047E+00 0.287153343E+00 0.327194761E+00 0.388778911E+00
  0.331422844E+00 0.375839248E+00 0.342580682E+00 0.326701128E+00
  0.359215825E+00 0.305583895E+00 0.140772324E+00-0.964035666E-01
 -0.921825441E-01-0.202165192E+00-0.461226015E-01 0.281950500E+00
  0.365662552E+00 0.394777617E+00 0.471641721E+00 0.487658663E+00
  0.477558867E+00 0.355562012E+00 0.268155291E+00 0.117085257E-01
 -0.312383503E-01 0.566425453E-01 0.798202331E-01 0.104555390E+00
  0.907627862E-01 0.199355428E-01 0.134208109E-01-0.994657736E-01
 -0.165755671E+00 0.642283045E-02-0.196699881E-01 0.174811823E+00
 -0.199266877E-01 0.118405165E-01
 -0.115681770E+06-0.679563592E+05-0.116129026E+06 0.119118379E+06
  0.116363860E+06-0.247394875E+06-0.192773960E+06-0.345242267E+05
  0.620764592E+05-0.103693153E+06-0.962759357E+05-0.161328956E+06
 -0.784009340E+05 0.158603734E+06-0.222105603E+06-0.296372919E+06
  0.203289780E+06 0.100963603E+06
 -0.250382734E+05-0.254263242E+05-0.244330645E+05-0.253713770E+05
 -0.251931367E+05-0.256880508E+05
  0.464070264E+07 0.116368206E+03-0.136600000E+03 0.160134398E+03
 -0.136599999E+03 0.000000000E+00 0.000000000E+00 0.000000000E+00
  0.000000000E+00 0.000000000E+00 0.736127200E+02 0.000000000E+00
  0.532585259E+00 0.973917468E+00-0.400000000E+02-0.249864860E+00
 -0.601279995E+00 0.300000000E+01 0.999000000E+03 0.341944990E+01
  0.138575180E+02 0.682193912E+00 0.000000000E+00 0.209584149E+00
  0.521567305E+01 0.872593519E+01 0.361791364E+01 0.000000000E+00
  0.579654799E+00 0.535993405E+00 0.110363113E+01 0.227437500E+01
  0.528737704E+02 0.271758424E+01-0.890000000E+02 0.175355874E+02
 -0.890000000E+02-0.890000000E+02-0.890000000E+02-0.890000000E+02
  0.170994365E+01-0.890000000E+02-0.890000000E+02 0.116368206E+03
 -0.136600000E+03-0.890000000E+02-0.890000000E+02 0.160134398E+03
 -0.136599999E+03 0.315143280E+06 0.584887027E+00 0.729175551E+00
  0.133755587E+03 0.166343750E+03 0.000000000E+00 0.000000000E+00
                                            MAG
