  9-Oct-07 08/02/2006
 129131               1
  0.140000000E+04
*1400.000             1               0 SNB   3   2 CLC    39   40
  0.310064397E+02 0.169550002E+03-0.198620353E+01 0.101319325E+07
  0.975864849E+06 0.169387513E+03-0.145675616E+02 0.594681709E+02
  0.167774841E+01 0.363850315E+00 0.819835237E+00 0.173907253E+08
  0.167728396E+03-0.563252299E+01 0.646329701E+01 0.351007443E+00
  0.239987199E+00 0.128273245E+01 0.831934182E+01 0.654431634E+01
  0.408429126E+02 0.164824272E+02 0.500862822E+01-0.743387333E+00
  0.185611127E+03 0.134685448E+03 0.101956392E+03
  0.178096070E+14 0.227420737E+14 0.167626523E+14
  0.118936342E+03 0.115752768E+03
  0.202733867E+14-0.906530647E+12
  0.526503586E+01 0.240438650E+00 0.213610068E+01 0.705422623E+00
  0.676198319E+00 0.967912269E+01-0.500000000E+02-0.500000000E+02
 -0.500000000E+02 0.818257982E-01 0.170082401E+05 0.144001069E+06
  0.980907204E-04 0.119226402E+01 0.782165735E+00-0.199244830E-01
  0.131721605E+01 0.162547292E+03 0.000000000E+00 0.000000000E+00
  0.120633411E+03-0.114340191E+03 0.123031516E+03 0.107984187E+03
  0.802305812E+01-0.500000000E+02-0.199184637E+01-0.193098964E+01
  0.212118911E+02 0.414918611E+02 0.494949125E+02 0.654431634E+01
  0.174398041E+03-0.327820180E+01 0.366729066E+00 0.330195301E+03
  0.356345384E+00 0.521193976E+00 0.213820222E+06-0.172541864E-04
  0.446894646E+00 0.490291032E+03 0.109580658E+01 0.100000000E+02
    44   76   18    6
 -0.116845563E-02 0.154378432E-02 0.294202873E-01 0.644699581E-01
  0.827084429E-01-0.110037202E+00-0.163425957E+00 0.112686384E+00
 -0.498097111E-01-0.747379067E-02-0.171979129E-03 0.393555176E-01
  0.818176223E-01 0.106630697E+00-0.107863465E+00-0.172055106E+00
  0.126203624E+00-0.482845375E-01 0.887211705E-02 0.984126213E-02
  0.203870480E-01 0.498399925E-01 0.693502115E-01 0.892089916E-01
 -0.349715226E-01-0.141203706E+00-0.124772249E+00-0.138370200E+00
 -0.938505474E-01 0.640000668E-02 0.256818098E-01 0.640940328E-01
  0.883949583E-01 0.108050678E+00-0.515199510E-01-0.148169744E+00
 -0.125001313E+00-0.137299574E+00-0.891187627E-01 0.740869409E-01
  0.558303250E-02 0.666024364E-01 0.240573063E-01-0.143421365E-01
  0.407508726E+00 0.377049156E+00 0.284515052E+00 0.112147646E+00
  0.399116772E-02-0.360847635E-01-0.109654589E+00 0.459549794E-01
  0.122753491E+00 0.161165070E+00 0.216426006E+00 0.192153419E+00
  0.239727992E+00 0.236285685E+00 0.218142731E+00 0.418517155E+00
  0.336654881E+00 0.149735811E+00 0.141775566E-01-0.537190984E-01
 -0.999250646E-01 0.213236856E-01 0.134578715E+00 0.121099228E+00
  0.211990990E+00 0.240361733E+00 0.215069593E+00 0.257573563E+00
  0.243118378E+00-0.114621346E+00-0.404061379E-01 0.742994696E-01
  0.124164554E+00 0.124061273E+00 0.170511020E+00 0.207962297E+00
  0.191270508E+00 0.203909591E+00 0.236232902E+00 0.215974792E+00
  0.244389314E+00 0.222686411E+00 0.215055581E+00 0.235614472E+00
  0.208902621E+00 0.121403552E+00 0.132441842E+00 0.306248471E-01
 -0.965919946E-01-0.525741862E-01 0.137253832E-01 0.152473925E+00
  0.337560872E+00 0.418405910E+00 0.407172053E+00 0.377090446E+00
  0.286462502E+00 0.119644471E+00 0.280655026E-02-0.408138928E-01
  0.947269088E-01 0.107523172E+00 0.904306796E-01 0.841557297E-01
 -0.620375178E-01-0.346671671E-01-0.108781257E+00-0.128701560E+00
 -0.609313570E-01-0.518607879E-01 0.679896689E-01 0.462667841E-01
  0.256239721E-03 0.602556718E-01 0.890445443E-01 0.993862527E-01
 -0.100999595E+06-0.982415131E+05-0.120536300E+05 0.891737525E+05
  0.630597830E+05-0.133981713E+06-0.168410102E+06 0.177497732E+06
 -0.102584062E+06-0.133519078E+06-0.120047624E+06-0.941295904E+04
  0.103906698E+06 0.970662586E+05-0.135936954E+06-0.190290645E+06
  0.173244804E+06-0.114604878E+06
 -0.120324146E+04-0.105113550E+04-0.138140588E+04-0.131849438E+04
 -0.114295056E+04-0.104798608E+04
  0.000000000E+00 0.101599999E+03-0.119199097E+03 0.130818015E+03
 -0.136300000E+03 0.000000000E+00 0.000000000E+00 0.000000000E+00
  0.000000000E+00 0.000000000E+00 0.648993686E+02 0.000000000E+00
  0.385372911E+00-0.339973175E+00-0.337878839E+01-0.140838487E+00
 -0.596108193E+00 0.300000000E+01 0.999000000E+03 0.411323758E+01
  0.141489564E+02 0.782165735E+00 0.000000000E+00 0.236354354E+00
  0.378042204E+01 0.635626561E+01 0.456053341E+01 0.000000000E+00
  0.478681794E+00 0.433651524E+00 0.109981296E+01 0.228639951E+01
  0.513065744E+02 0.762593145E+01 0.114339777E+02 0.196998328E+02
  0.500792024E+01 0.447605208E+01-0.305399294E+01-0.890000000E+02
  0.135121178E+01 0.101599999E+03 0.113786882E+03 0.101599999E+03
 -0.119199097E+03 0.134096280E+03 0.134800000E+03 0.130818015E+03
 -0.136300000E+03 0.574420870E+06 0.488803725E+00 0.638834302E+00
  0.138250570E+03 0.166343750E+03 0.000000000E+00 0.000000000E+00
                                            MAG
