  EFITD    05/01/2006    # 14220   200ms           3  65  65
 1.940000001e+00 4.000000000e+00 6.999999881e-01 5.999999866e-02 0.000000000e+00
 9.131840467e-01-1.226714626e-02-4.633577913e-02 2.345850877e-02-4.066594541e-01
 6.947588750e+05-4.633577913e-02 0.000000000e+00 9.131840467e-01 0.000000000e+00
-1.226714626e-02 0.000000000e+00 2.345850877e-02 0.000000000e+00 0.000000000e+00
-4.776184261e-01-4.756768048e-01-4.737532735e-01-4.718482196e-01-4.699620008e-01
-4.680950046e-01-4.662476182e-01-4.644201994e-01-4.626131654e-01-4.608269334e-01
-4.590618610e-01-4.573183656e-01-4.555968642e-01-4.538977444e-01-4.522214234e-01
-4.505683184e-01-4.489388466e-01-4.473334253e-01-4.457524419e-01-4.441963732e-01
-4.426656365e-01-4.411606193e-01-4.396817684e-01-4.382295012e-01-4.368042648e-01
-4.354065061e-01-4.340366125e-01-4.326950312e-01-4.313821793e-01-4.300985336e-01
-4.288444817e-01-4.276204407e-01-4.264268577e-01-4.252641499e-01-4.241327643e-01
-4.230330884e-01-4.219655693e-01-4.209305942e-01-4.199285805e-01-4.189599454e-01
-4.180250764e-01-4.171244204e-01-4.162582755e-01-4.154271185e-01-4.146313071e-01
-4.138711989e-01-4.131471813e-01-4.124596119e-01-4.118088484e-01-4.111952484e-01
-4.106191397e-01-4.100808501e-01-4.095807076e-01-4.091190398e-01-4.086961448e-01
-4.083123207e-01-4.079678655e-01-4.076630175e-01-4.073980451e-01-4.071732461e-01
-4.069888294e-01-4.068450034e-01-4.067420363e-01-4.066801369e-01-4.066594541e-01
 3.261801270e+03 3.261108887e+03 3.255682373e+03 3.245673828e+03 3.231234863e+03
 3.212517334e+03 3.189673340e+03 3.162854248e+03 3.132212402e+03 3.097899414e+03
 3.060067139e+03 3.018867432e+03 2.974452148e+03 2.926972900e+03 2.876581787e+03
 2.823430664e+03 2.767671387e+03 2.709455566e+03 2.648935303e+03 2.586262207e+03
 2.521588379e+03 2.455065186e+03 2.386845215e+03 2.317079590e+03 2.245920410e+03
 2.173519775e+03 2.100029053e+03 2.025600586e+03 1.950385742e+03 1.874536743e+03
 1.798205200e+03 1.721542969e+03 1.644702026e+03 1.567834106e+03 1.491091064e+03
 1.414624756e+03 1.338586914e+03 1.263129639e+03 1.188404541e+03 1.114563477e+03
 1.041758423e+03 9.701411133e+02 8.998634033e+02 8.310771484e+02 7.639341431e+02
 6.985863037e+02 6.351854248e+02 5.738833618e+02 5.148319702e+02 4.581830444e+02
 4.040884705e+02 3.527000732e+02 3.041696777e+02 2.586491394e+02 2.162902832e+02
 1.772449799e+02 1.416650543e+02 1.097023315e+02 8.150867462e+01 5.723591614e+01
 3.703589630e+01 2.106045151e+01 9.461427689e+00 2.390663624e+00 0.000000000e+00
-8.542683125e-01-8.429859877e-01-8.316380978e-01-8.202245831e-01-8.087455630e-01
-7.972009182e-01-7.855907083e-01-7.739149332e-01-7.621735334e-01-7.503666282e-01
-7.384940982e-01-7.265560627e-01-7.145524025e-01-7.024831772e-01-6.903483272e-01
-6.781479716e-01-6.658819914e-01-6.535504460e-01-6.411533952e-01-6.286906600e-01
-6.161624193e-01-6.035686135e-01-5.909091830e-01-5.781841874e-01-5.653936267e-01
-5.525375009e-01-5.396158099e-01-5.266285539e-01-5.135756731e-01-5.004572272e-01
-4.872732460e-01-4.740236700e-01-4.607084990e-01-4.473277926e-01-4.338814914e-01
-4.203695953e-01-4.067921340e-01-3.931491077e-01-3.794405162e-01-3.656663299e-01
-3.518265784e-01-3.379212320e-01-3.239503503e-01-3.099138737e-01-2.958118021e-01
-2.816441953e-01-2.674109638e-01-2.531121969e-01-2.387478501e-01-2.243179232e-01
-2.098224163e-01-1.952613294e-01-1.806346774e-01-1.659424603e-01-1.511846483e-01
-1.363612711e-01-1.214723215e-01-1.065177917e-01-9.149768949e-02-7.641201466e-02
-6.126075983e-02-4.604393244e-02-3.076152876e-02-1.541355252e-02-0.000000000e+00
 1.581948242e+03-2.828665771e+03-7.100044922e+03-1.123218945e+04-1.522509863e+04
-1.907877344e+04-2.279321289e+04-2.636841797e+04-2.980438867e+04-3.310112500e+04
-3.625862500e+04-3.927689062e+04-4.215592188e+04-4.489571875e+04-4.749628125e+04
-4.995760938e+04-5.227969922e+04-5.446255859e+04-5.650617969e+04-5.841056641e+04
-6.017571875e+04-6.180163672e+04-6.328832031e+04-6.463576953e+04-6.584398438e+04
-6.691296094e+04-6.784270312e+04-6.863321875e+04-6.928449219e+04-6.979653125e+04
-7.016933594e+04-7.040290625e+04-7.049724219e+04-7.045234375e+04-7.026821094e+04
-6.994483594e+04-6.948223438e+04-6.888039844e+04-6.813932031e+04-6.725901562e+04
-6.623946875e+04-6.508069141e+04-6.378267969e+04-6.234543359e+04-6.076894922e+04
-5.905323438e+04-5.719828125e+04-5.520409375e+04-5.307067578e+04-5.079801953e+04
-4.838612891e+04-4.583500000e+04-4.314464062e+04-4.031504688e+04-3.734621484e+04
-3.423814844e+04-3.099084961e+04-2.760431641e+04-2.407854688e+04-2.041354297e+04
-1.660930273e+04-1.266583008e+04-8.583121094e+03-4.361178223e+03-0.000000000e+00
 2.965714339e-05 6.495658454e-05 1.106749987e-04 1.635082590e-04 2.198715665e-04
 2.767328115e-04 3.337859234e-04 3.891445813e-04 4.415900621e-04 4.947393900e-04
 5.564221065e-04 6.395220407e-04 7.621375262e-04 9.475084953e-04 1.213212498e-03
 1.569934422e-03 2.025239868e-03 2.570692915e-03 3.192799632e-03 3.877412062e-03
 4.609319381e-03 5.372026935e-03 6.143283099e-03 6.952065974e-03 7.803825662e-03
 8.819070645e-03 9.894337505e-03 1.101035066e-02 1.211082563e-02 1.320453268e-02
 1.429506857e-02 1.538280211e-02 1.646702923e-02 1.754646562e-02 1.861938275e-02
 1.968368329e-02 2.073692717e-02 2.177638747e-02 2.279908769e-02 2.380185202e-02
 2.478135005e-02 2.573414147e-02 2.665668912e-02 2.754538134e-02 2.839651890e-02
 2.920629457e-02 2.997071482e-02 3.068545647e-02 3.134550899e-02 3.194406629e-02
 3.246772662e-02 3.291238099e-02 3.334888071e-02 3.381347656e-02 3.439365700e-02
 3.497055173e-02 3.549329937e-02 3.593233973e-02 3.630423173e-02 3.661525622e-02
 3.686902300e-02 3.706828877e-02 3.721575439e-02 3.731486201e-02 3.737502918e-02
 4.255064050e-05 9.213380690e-05 1.543502003e-04 2.228345984e-04 2.910086187e-04
 3.539180616e-04 4.043820663e-04 4.336479178e-04 4.364408960e-04 4.119954538e-04
 3.664211254e-04 3.165761300e-04 2.958861296e-04 3.590141132e-04 5.685142241e-04
 9.557513986e-04 1.508907764e-03 2.198443981e-03 2.987406217e-03 3.842490260e-03
 4.739867523e-03 5.661878735e-03 6.598983426e-03 7.550882176e-03 8.514535613e-03
 9.671367705e-03 1.087024901e-02 1.207979582e-02 1.328944508e-02 1.449343096e-02
 1.569128782e-02 1.688342914e-02 1.806975901e-02 1.924948767e-02 2.042117529e-02
 2.158281207e-02 2.273188718e-02 2.386546507e-02 2.498024143e-02 2.607260086e-02
 2.713867649e-02 2.817440219e-02 2.917555347e-02 3.013777919e-02 3.105661459e-02
 3.192745894e-02 3.274552152e-02 3.350571916e-02 3.420261666e-02 3.483078256e-02
 3.538726270e-02 3.587759659e-02 3.631046042e-02 3.676453233e-02 3.736688197e-02
 3.791549429e-02 3.840458766e-02 3.882468119e-02 3.917540982e-02 3.946078196e-02
 3.968530893e-02 3.985327482e-02 3.996887058e-02 4.003645107e-02 4.006550834e-02
 6.843385199e-05 1.472539880e-04 2.440169628e-04 3.457658750e-04 4.390583781e-04
 5.261908518e-04 5.929602194e-04 6.060713204e-04 5.522966967e-04 4.198173701e-04
 1.997692016e-04-1.102073074e-04-4.963804968e-04-8.550427156e-04-8.238258306e-04
-2.346550609e-04 6.195911556e-04 1.609135303e-03 2.693837741e-03 3.817981575e-03
 4.955631215e-03 6.087771151e-03 7.197875064e-03 8.320375346e-03 9.486335330e-03
 1.072439551e-02 1.202239469e-02 1.335540600e-02 1.467017271e-02 1.597308554e-02
 1.726937480e-02 1.856078580e-02 1.984751411e-02 2.112875134e-02 2.240289375e-02
 2.366764843e-02 2.492011152e-02 2.615683712e-02 2.737390995e-02 2.856701054e-02
 2.973149531e-02 3.086247854e-02 3.195490316e-02 3.300361708e-02 3.400344774e-02
 3.494922817e-02 3.583581373e-02 3.665802255e-02 3.741034120e-02 3.808599338e-02
 3.867350146e-02 3.917565197e-02 3.965974227e-02 4.015276209e-02 4.067533836e-02
 4.119960219e-02 4.166585580e-02 4.204355180e-02 4.234641790e-02 4.258181155e-02
 4.275497049e-02 4.287046567e-02 4.293260723e-02 4.294559732e-02 4.291773215e-02
 1.180746258e-04 2.539552515e-04 4.210108600e-04 5.985674215e-04 7.677184767e-04
 9.265741683e-04 1.032685512e-03 1.056457055e-03 9.693023167e-04 7.418877212e-04
 3.409983474e-04-2.745373931e-04-1.161335385e-03-2.361356048e-03-2.778987167e-03
-1.821466372e-03-5.281274789e-04 9.571533883e-04 2.493221778e-03 3.983974922e-03
 5.419118796e-03 6.805755198e-03 8.157216012e-03 9.490863420e-03 1.082352828e-02
 1.216672733e-02 1.352492813e-02 1.489557792e-02 1.627312601e-02 1.765425317e-02
 1.903761365e-02 2.042249218e-02 2.180793136e-02 2.319239266e-02 2.457364276e-02
 2.594873123e-02 2.731401287e-02 2.866519801e-02 2.999741584e-02 3.130529076e-02
 3.258305416e-02 3.382465616e-02 3.502387553e-02 3.617449105e-02 3.727041185e-02
 3.830583394e-02 3.927543387e-02 4.017457739e-02 4.099966213e-02 4.174882546e-02
 4.242340848e-02 4.302997142e-02 4.357978702e-02 4.408225790e-02 4.454073682e-02
 4.495147616e-02 4.530553892e-02 4.559580237e-02 4.582027346e-02 4.598033056e-02
 4.607899114e-02 4.611997679e-02 4.610730708e-02 4.604504630e-02 4.593659565e-02
 2.098785917e-04 4.502754600e-04 7.444799994e-04 1.058500260e-03 1.365892473e-03
 1.655617147e-03 1.868666848e-03 1.966964919e-03 1.914612832e-03 1.673228806e-03
 1.197694452e-03 4.308201023e-04-7.023559301e-04-2.252900507e-03-3.175769700e-03
-2.937826794e-03-1.506278990e-03 8.269363316e-04 2.880173735e-03 4.700826015e-03
 6.367685273e-03 7.931598462e-03 9.428325109e-03 1.088461559e-02 1.232073735e-02
 1.374958456e-02 1.517927088e-02 1.661526412e-02 1.806057617e-02 1.951636560e-02
 2.098280936e-02 2.245934494e-02 2.394467406e-02 2.543670125e-02 2.693248354e-02
 2.842821553e-02 2.991923690e-02 3.140007704e-02 3.286451101e-02 3.430566192e-02
 3.571613133e-02 3.708814085e-02 3.841374069e-02 3.968501091e-02 4.089430347e-02
 4.203451797e-02 4.309937730e-02 4.408374429e-02 4.498395324e-02 4.579815641e-02
 4.652658477e-02 4.717143998e-02 4.773604497e-02 4.822409153e-02 4.863843322e-02
 4.898059368e-02 4.925148562e-02 4.945202544e-02 4.958384857e-02 4.964967445e-02
 4.965310544e-02 4.959832504e-02 4.948981479e-02 4.933211580e-02 4.913449287e-02
 3.814965603e-04 8.130666101e-04 1.330931904e-03 1.862951554e-03 2.372022485e-03
 2.891323296e-03 3.287731670e-03 3.532934003e-03 3.596767085e-03 3.448423697e-03
 3.051201347e-03 2.356603043e-03 1.288539846e-03-2.404314000e-04-1.221770071e-03
-1.119985129e-03 2.109413035e-04 2.523337491e-03 4.560827743e-03 6.367717870e-03
 8.030235767e-03 9.606376290e-03 1.112112217e-02 1.260759868e-02 1.407887693e-02
 1.554554515e-02 1.701796986e-02 1.850371063e-02 2.000762522e-02 2.153251320e-02
 2.307952940e-02 2.464847639e-02 2.623794973e-02 2.784540132e-02 2.946715802e-02
 3.109841608e-02 3.273326531e-02 3.436470404e-02 3.598470986e-02 3.758433834e-02
 3.915387020e-02 4.068301618e-02 4.216117039e-02 4.357773066e-02 4.492243007e-02
 4.618573934e-02 4.735923558e-02 4.843595624e-02 4.941072315e-02 5.028032139e-02
 5.104356259e-02 5.170115083e-02 5.225540325e-02 5.270971358e-02 5.306817219e-02
 5.333526060e-02 5.351566151e-02 5.361428857e-02 5.363637209e-02 5.358739570e-02
 5.347308144e-02 5.329930410e-02 5.307197571e-02 5.279691517e-02 5.246927589e-02
 7.160439854e-04 1.515251352e-03 2.450972795e-03 3.378278809e-03 4.208080471e-03
 4.965840839e-03 5.567047279e-03 5.985967349e-03 6.188089959e-03 6.168260239e-03
 5.937788170e-03 5.507885478e-03 4.883832764e-03 4.148161039e-03 3.714353545e-03
 3.874495858e-03 4.715869669e-03 6.085786037e-03 7.533919066e-03 8.979327045e-03
 1.041260548e-02 1.183371618e-02 1.324670110e-02 1.466258615e-02 1.609139889e-02
 1.754141413e-02 1.901925914e-02 2.053000033e-02 2.207720652e-02 2.366300672e-02
 2.528817393e-02 2.695216797e-02 2.865315787e-02 3.038799390e-02 3.215217218e-02
 3.393977880e-02 3.574344143e-02 3.755431995e-02 3.936211392e-02 4.115513340e-02
 4.292045906e-02 4.464419186e-02 4.631177709e-02 4.790845513e-02 4.941978678e-02
 5.083224922e-02 5.213381350e-02 5.331450328e-02 5.436684191e-02 5.528612062e-02
 5.607049167e-02 5.672084168e-02 5.724048987e-02 5.763473734e-02 5.791038647e-02
 5.807524174e-02 5.813769624e-02 5.810640380e-02 5.799000710e-02 5.779699609e-02
 5.753560737e-02 5.721380562e-02 5.683940649e-02 5.642033368e-02 5.596590787e-02
 1.388600445e-03 2.935923170e-03 4.703580402e-03 6.332607009e-03 7.592982613e-03
 8.529081009e-03 9.172218852e-03 9.573250078e-03 9.746401571e-03 9.737755172e-03
 9.592374787e-03 9.354402311e-03 9.082554840e-03 8.866117336e-03 8.805221878e-03
 8.983586915e-03 9.437954985e-03 1.014559157e-02 1.104685944e-02 1.207586750e-02
 1.319051627e-02 1.437121537e-02 1.560877077e-02 1.690007001e-02 1.824527606e-02
 1.964604668e-02 2.110453509e-02 2.262279950e-02 2.420242876e-02 2.584429458e-02
 2.754836529e-02 2.931354009e-02 3.113750927e-02 3.301658481e-02 3.494554758e-02
 3.691746294e-02 3.892351687e-02 4.095287621e-02 4.299257696e-02 4.502750561e-02
 4.704048857e-02 4.901253432e-02 5.092326179e-02 5.275153369e-02 5.447629467e-02
 5.607754737e-02 5.753741786e-02 5.884115398e-02 5.997794494e-02 6.094145030e-02
 6.172998250e-02 6.234622374e-02 6.279667467e-02 6.309088320e-02 6.324055046e-02
 6.325866282e-02 6.315869093e-02 6.295395643e-02 6.265720725e-02 6.228029355e-02
 6.183399633e-02 6.132797152e-02 6.077078357e-02 6.017005071e-02 5.953368172e-02
 2.670590533e-03 5.880961195e-03 9.730446152e-03 1.268850919e-02 1.388682332e-02
 1.426002569e-02 1.432022266e-02 1.423575077e-02 1.406583097e-02 1.383780409e-02
 1.357894670e-02 1.331896055e-02 1.309296396e-02 1.294099912e-02 1.290300768e-02
 1.301167533e-02 1.328588277e-02 1.372836530e-02 1.432861015e-02 1.506889332e-02
 1.593144797e-02 1.690241136e-02 1.797230914e-02 1.913535595e-02 2.038848028e-02
 2.173044533e-02 2.316110581e-02 2.468084730e-02 2.629014291e-02 2.798920497e-02
 2.977769077e-02 3.165443242e-02 3.361716121e-02 3.566223010e-02 3.778430820e-02
 3.997603431e-02 4.222767055e-02 4.452671483e-02 4.685757309e-02 4.920126498e-02
 5.153530091e-02 5.383374542e-02 5.606767535e-02 5.820601061e-02 6.021685153e-02
 6.206925586e-02 6.373528391e-02 6.519208848e-02 6.642360240e-02 6.742163002e-02
 6.818600744e-02 6.872405857e-02 6.904935837e-02 6.917984784e-02 6.913609803e-02
 6.893963367e-02 6.861162186e-02 6.817191094e-02 6.763844937e-02 6.702695787e-02
 6.635087729e-02 6.562129408e-02 6.484699249e-02 6.403429061e-02 6.319143623e-02
 4.289830569e-03 9.956765920e-03 1.827994548e-02 2.347087674e-02 2.226584218e-02
 2.092108689e-02 1.994825527e-02 1.917817630e-02 1.853246056e-02 1.797082089e-02
 1.748060994e-02 1.706263609e-02 1.672604121e-02 1.648488082e-02 1.635490730e-02
 1.635038294e-02 1.648160256e-02 1.675363816e-02 1.716661267e-02 1.771719567e-02
 1.840033568e-02 1.921082661e-02 2.014430985e-02 2.119768038e-02 2.236909978e-02
 2.365780808e-02 2.506384999e-02 2.658778243e-02 2.823037840e-02 2.999236621e-02
 3.187413886e-02 3.387548402e-02 3.599525616e-02 3.823101148e-02 4.057858512e-02
 4.303156957e-02 4.558071122e-02 4.821318761e-02 5.091184378e-02 5.365436152e-02
 5.641249940e-02 5.915158242e-02 6.183049455e-02 6.440250576e-02 6.681723893e-02
 6.902387738e-02 7.097548991e-02 7.263362408e-02 7.397266477e-02 7.498219609e-02
 7.566758245e-02 7.604771107e-02 7.615118474e-02 7.601274550e-02 7.566912472e-02
 7.515604049e-02 7.450612634e-02 7.374789566e-02 7.290536910e-02 7.199817896e-02
 7.104197890e-02 7.004891336e-02 6.902816892e-02 6.798651814e-02 6.693129987e-02
 5.356886890e-03 1.230873726e-02 2.211547084e-02 2.835252136e-02 2.738845721e-02
 2.580605447e-02 2.448620275e-02 2.337978408e-02 2.243537456e-02 2.162469365e-02
 2.093065716e-02 2.034524828e-02 1.986712031e-02 1.949943788e-02 1.924788952e-02
 1.911900192e-02 1.911881007e-02 1.925204135e-02 1.952180825e-02 1.992975175e-02
 2.047648653e-02 2.116214484e-02 2.198680677e-02 2.295082621e-02 2.405498922e-02
 2.530056797e-02 2.668927610e-02 2.822318859e-02 2.990460768e-02 3.173592687e-02
 3.371944651e-02 3.585716709e-02 3.815049306e-02 4.059987888e-02 4.320432991e-02
 4.596075416e-02 4.886313155e-02 5.190144107e-02 5.506025627e-02 5.831700563e-02
 6.163990870e-02 6.498575211e-02 6.829795241e-02 7.150583714e-02 7.452633232e-02
 7.726947218e-02 7.964798063e-02 8.158995956e-02 8.304981887e-02 8.401560783e-02
 8.450807631e-02 8.457472920e-02 8.428031951e-02 8.369386941e-02 8.288127184e-02
 8.190037310e-02 8.079896122e-02 7.961474359e-02 7.837645710e-02 7.710534334e-02
 7.581666857e-02 7.452109456e-02 7.322581857e-02 7.193552703e-02 7.066382468e-02
 5.901933648e-03 1.345399208e-02 2.393302321e-02 3.076916188e-02 3.022817895e-02
 2.887285873e-02 2.760892734e-02 2.646228112e-02 2.543514036e-02 2.451868355e-02
 2.371049114e-02 2.300955541e-02 2.241680212e-02 2.193505876e-02 2.156862430e-02
 2.132267319e-02 2.120268531e-02 2.121401392e-02 2.136160992e-02 2.164993808e-02
 2.208299935e-02 2.266445570e-02 2.339779027e-02 2.428645082e-02 2.533398382e-02
 2.654411830e-02 2.792082727e-02 2.946836129e-02 3.119126521e-02 3.309437633e-02
 3.518281505e-02 3.746191412e-02 3.993711621e-02 4.261368513e-02 4.549634829e-02
 4.858861119e-02 5.189189315e-02 5.540431663e-02 5.911906064e-02 6.302172691e-02
 6.708640605e-02 7.127005607e-02 7.550514489e-02 7.969160378e-02 8.369152993e-02
 8.733277768e-02 9.042973816e-02 9.281908721e-02 9.440281242e-02 9.517112374e-02
 9.520221502e-02 9.463024139e-02 9.360324591e-02 9.226097912e-02 9.071721137e-02
 8.905713260e-02 8.734080940e-02 8.560850471e-02 8.388593048e-02 8.218861371e-02
 8.052513003e-02 7.889951020e-02 7.731286436e-02 7.576449960e-02 7.422964275e-02
 6.182956509e-03 1.404884085e-02 2.489596978e-02 3.210863471e-02 3.189838678e-02
 3.075008839e-02 2.963021770e-02 2.856285498e-02 2.756102197e-02 2.662906237e-02
 2.577607892e-02 2.500965819e-02 2.433663048e-02 2.376371622e-02 2.329783514e-02
 2.294615842e-02 2.271604165e-02 2.261490747e-02 2.265010960e-02 2.282882296e-02
 2.315797098e-02 2.364418283e-02 2.429383062e-02 2.511310577e-02 2.610809915e-02
 2.728492208e-02 2.864981070e-02 3.020925634e-02 3.197013959e-02 3.393987939e-02
 3.612665460e-02 3.853963315e-02 4.118927568e-02 4.408752173e-02 4.724731669e-02
 5.068209022e-02 5.440510809e-02 5.842912197e-02 6.276556104e-02 6.742325425e-02
 7.240457088e-02 7.769749314e-02 8.326081187e-02 8.899754286e-02 9.471204132e-02
 1.000638604e-01 1.045792773e-01 1.078010276e-01 1.094634086e-01 1.095896140e-01
 1.084670573e-01 1.065131649e-01 1.041091904e-01 1.015102193e-01 9.887345135e-02
 9.628716111e-02 9.379555285e-02 9.141662717e-02 8.915369213e-02 8.700233698e-02
 8.495447040e-02 8.300063014e-02 8.113120496e-02 7.933709025e-02 7.762060314e-02
 6.335019600e-03 1.437381655e-02 2.543009259e-02 3.285585716e-02 3.281033039e-02
 3.183409572e-02 3.089475259e-02 2.992913872e-02 2.897718549e-02 2.805833332e-02
 2.718801051e-02 2.637927048e-02 2.564365231e-02 2.499187551e-02 2.443429641e-02
 2.398117259e-02 2.364281751e-02 2.342963032e-02 2.335206605e-02 2.342052199e-02
 2.364509366e-02 2.403531782e-02 2.460026182e-02 2.534853481e-02 2.628841251e-02
 2.742802352e-02 2.877549268e-02 3.033911623e-02 3.212757036e-02 3.415016457e-02
 3.641717508e-02 3.894034773e-02 4.173402488e-02 4.481738806e-02 4.821711034e-02
 5.195886269e-02 5.607023090e-02 6.057776883e-02 6.551434845e-02 7.092607766e-02
 7.687187940e-02 8.342311531e-02 9.066144377e-02 9.866811335e-02 1.074800566e-01
 1.168747097e-01 1.251481622e-01 1.303093582e-01 1.318322122e-01 1.295537949e-01
 1.248727143e-01 1.198759302e-01 1.150500551e-01 1.105846614e-01 1.065349653e-01
 1.028781831e-01 9.956719726e-02 9.655158222e-02 9.378517419e-02 9.122821689e-02
 8.884745091e-02 8.661543578e-02 8.450970054e-02 8.251187950e-02 8.060105145e-02
 6.420180202e-03 1.455823146e-02 2.574076131e-02 3.331024572e-02 3.343591839e-02
 3.257972002e-02 3.168866783e-02 3.077233583e-02 2.984743007e-02 2.893073298e-02
 2.803808637e-02 2.718425356e-02 2.638316713e-02 2.564824559e-02 2.499268763e-02
 2.442972921e-02 2.397282422e-02 2.363582142e-02 2.343299799e-02 2.337899990e-02
 2.348838747e-02 2.377306670e-02 2.424482442e-02 2.491422929e-02 2.579109743e-02
 2.688496560e-02 2.820513025e-02 2.976096235e-02 3.156207502e-02 3.361855447e-02
 3.594116867e-02 3.854151815e-02 4.143184051e-02 4.465971142e-02 4.824762419e-02
 5.220942199e-02 5.658061430e-02 6.144066527e-02 6.681242585e-02 7.276642323e-02
 7.941464335e-02 8.691301197e-02 9.548790008e-02 1.054816842e-01 1.174322516e-01
 1.322309822e-01 1.451261640e-01 1.524456143e-01 1.544298232e-01 1.508360952e-01
 1.419779062e-01 1.316319704e-01 1.237753630e-01 1.174526289e-01 1.122059003e-01
 1.077425554e-01 1.038647890e-01 1.004344150e-01 9.735228866e-02 9.454574436e-02
 9.196055681e-02 8.955575526e-02 8.730011433e-02 8.516976237e-02 8.314236999e-02
 6.466291379e-03 1.465856098e-02 2.590693347e-02 3.355319798e-02 3.375962377e-02
 3.296618164e-02 3.211213276e-02 3.121363744e-02 3.028677404e-02 2.934734523e-02
 2.841079049e-02 2.749226242e-02 2.660675719e-02 2.576927282e-02 2.499502897e-02
 2.429964580e-02 2.369941212e-02 2.321135998e-02 2.285567485e-02 2.265374921e-02
 2.262491733e-02 2.278605290e-02 2.315124497e-02 2.373079583e-02 2.453379519e-02
 2.557133511e-02 2.685289830e-02 2.838806063e-02 3.018644638e-02 3.225801885e-02
 3.461336717e-02 3.726384789e-02 4.022086784e-02 4.352615401e-02 4.720833898e-02
 5.127936229e-02 5.577378720e-02 6.076817587e-02 6.627849489e-02 7.237607241e-02
 7.916743308e-02 8.679961413e-02 9.548435360e-02 1.055408120e-01 1.174823865e-01
 1.322300583e-01 1.452411413e-01 1.529085636e-01 1.555861235e-01 1.531156451e-01
 1.447660774e-01 1.340193152e-01 1.259599030e-01 1.195914075e-01 1.143571064e-01
 1.099214703e-01 1.060690284e-01 1.026544645e-01 9.957611561e-02 9.676094353e-02
 9.415537864e-02 9.171956778e-02 8.942359686e-02 8.724524826e-02 8.517172188e-02
 6.486655213e-03 1.470226422e-02 2.598343045e-02 3.365967050e-02 3.388604149e-02
 3.310764581e-02 3.225456551e-02 3.134021163e-02 3.037916310e-02 2.938603424e-02
 2.837557532e-02 2.736275829e-02 2.636289597e-02 2.539179474e-02 2.446590923e-02
 2.360257693e-02 2.282002009e-02 2.214435115e-02 2.160231397e-02 2.121938393e-02
 2.101922408e-02 2.102322876e-02 2.125006355e-02 2.171521634e-02 2.243075706e-02
 2.340459265e-02 2.463815175e-02 2.614221536e-02 2.792557143e-02 2.999683842e-02
 3.236537054e-02 3.504174575e-02 3.803881630e-02 4.137354344e-02 4.506754503e-02
 4.914332554e-02 5.362423509e-02 5.853449181e-02 6.390256435e-02 6.976676732e-02
 7.617469132e-02 8.318089694e-02 9.084045142e-02 9.918846935e-02 1.081715301e-01
 1.173950881e-01 1.254819781e-01 1.310852170e-01 1.337716728e-01 1.334448457e-01
 1.303551048e-01 1.257748306e-01 1.211359650e-01 1.168486550e-01 1.129642203e-01
 1.094434634e-01 1.062292010e-01 1.032670066e-01 1.005107984e-01 9.792341292e-02
 9.547553211e-02 9.314419329e-02 9.091125429e-02 8.876183629e-02 8.667773008e-02
 6.488907151e-03 1.470585074e-02 2.597938664e-02 3.364920616e-02 3.387175500e-02
 3.307116032e-02 3.218332306e-02 3.121860325e-02 3.018932417e-02 2.910845727e-02
 2.798960917e-02 2.684705704e-02 2.569583803e-02 2.455188148e-02 2.343224175e-02
 2.235507034e-02 2.135145850e-02 2.045233920e-02 1.968813501e-02 1.908816583e-02
 1.868013293e-02 1.848958619e-02 1.853944175e-02 1.884949394e-02 1.943594962e-02
 2.031090111e-02 2.148184553e-02 2.295185253e-02 2.471621893e-02 2.677900903e-02
 2.914758213e-02 3.182851896e-02 3.482926264e-02 3.815811872e-02 4.182412848e-02
 4.583641514e-02 5.020344257e-02 5.493236706e-02 6.002846733e-02 6.549303234e-02
 7.131934911e-02 7.748494297e-02 8.393791318e-02 9.057459235e-02 9.720972180e-02
 1.035579517e-01 1.089653745e-01 1.130043119e-01 1.156879961e-01 1.169275269e-01
 1.168558747e-01 1.157793850e-01 1.140550151e-01 1.119771600e-01 1.097326353e-01
 1.074261293e-01 1.051121354e-01 1.028175578e-01 1.005551219e-01 9.833059460e-02
 9.614642709e-02 9.400350600e-02 9.190185368e-02 8.984091878e-02 8.782050014e-02
 6.477865390e-03 1.467958745e-02 2.593743987e-02 3.357489780e-02 3.374487162e-02
 3.289535269e-02 3.194385394e-02 3.089786135e-02 2.976776659e-02 2.856497653e-02
 2.730176970e-02 2.599132806e-02 2.464780584e-02 2.328655310e-02 2.192592062e-02
 2.059897035e-02 1.933979057e-02 1.818266511e-02 1.716150902e-02 1.630928367e-02
 1.565742679e-02 1.523530018e-02 1.506967563e-02 1.518422179e-02 1.559902355e-02
 1.633009315e-02 1.738889143e-02 1.878178865e-02 2.050943114e-02 2.256681211e-02
 2.493966557e-02 2.762364596e-02 3.062159009e-02 3.393412754e-02 3.756101429e-02
 4.150063545e-02 4.574901983e-02 5.029859394e-02 5.513636768e-02 6.024141982e-02
 6.558114290e-02 7.110626251e-02 7.674477249e-02 8.239623159e-02 8.792979270e-02
 9.319104254e-02 9.775577486e-02 1.014217585e-01 1.043253690e-01 1.064027697e-01
 1.076640114e-01 1.081862301e-01 1.080857143e-01 1.074859500e-01 1.064995825e-01
 1.052194536e-01 1.037188619e-01 1.020552367e-01 1.002736315e-01 9.840975702e-02
 9.649202228e-02 9.454292059e-02 9.258007258e-02 9.061703086e-02 8.867309988e-02
 6.457379553e-03 1.463203784e-02 2.583873458e-02 3.341792151e-02 3.353046998e-02
 3.261361644e-02 3.157380596e-02 3.041855618e-02 2.915721945e-02 2.779977582e-02
 2.635698952e-02 2.484051883e-02 2.326306142e-02 2.164087631e-02 2.000800148e-02
 1.840039156e-02 1.685504243e-02 1.540938020e-02 1.410059538e-02 1.296500769e-02
 1.203746907e-02 1.135078259e-02 1.093516685e-02 1.081773825e-02 1.102202572e-02
 1.156747900e-02 1.246898621e-02 1.373637002e-02 1.537381765e-02 1.737922058e-02
 1.974335127e-02 2.244977653e-02 2.547040209e-02 2.879267745e-02 3.241104260e-02
 3.631664813e-02 4.049763083e-02 4.493828118e-02 4.961737618e-02 5.450633913e-02
 5.956706405e-02 6.474953145e-02 6.998953968e-02 7.520719618e-02 8.030577004e-02
 8.516134322e-02 8.959626406e-02 9.349897504e-02 9.685047716e-02 9.961008281e-02
 1.017481834e-01 1.032618284e-01 1.041740403e-01 1.045292094e-01 1.043858007e-01
 1.038113460e-01 1.028766111e-01 1.016504392e-01 1.001970693e-01 9.857341647e-02
 9.682786465e-02 9.500010312e-02 9.312165529e-02 9.121684730e-02 8.930344135e-02
 6.430730689e-03 1.457101386e-02 2.574007213e-02 3.325617686e-02 3.327451646e-02
 3.226216510e-02 3.110778332e-02 2.981679328e-02 2.839630656e-02 2.685425431e-02
 2.519943379e-02 2.344162762e-02 2.159178071e-02 1.968369074e-02 1.775406674e-02
 1.584155113e-02 1.398604829e-02 1.222798694e-02 1.060762722e-02 9.164388292e-03
 7.936212234e-03 6.958970334e-03 6.265915930e-03 5.887170322e-03 5.849251989e-03
 6.174616050e-03 6.881202105e-03 7.981954142e-03 9.484300390e-03 1.138957310e-02
 1.369232312e-02 1.637947187e-02 1.942926832e-02 2.281126194e-02 2.647993155e-02
 3.041973338e-02 3.461560979e-02 3.904949874e-02 4.369923845e-02 4.853762314e-02
 5.353110656e-02 5.863861367e-02 6.381028891e-02 6.898634136e-02 7.409615070e-02
 7.905860990e-02 8.378636837e-02 8.819345385e-02 9.219796956e-02 9.571977705e-02
 9.868182242e-02 1.010211334e-01 1.026980579e-01 1.037055850e-01 1.040754914e-01
 1.038712934e-01 1.031791493e-01 1.020961702e-01 1.007151902e-01 9.911818057e-02
 9.737282991e-02 9.553232789e-02 9.363688529e-02 9.171593934e-02 8.979746699e-02
 6.399953738e-03 1.450079400e-02 2.559874952e-02 3.303975984e-02 3.298360109e-02
 3.185811266e-02 3.057051450e-02 2.912297659e-02 2.752043307e-02 2.576850541e-02
 2.387356013e-02 2.184274048e-02 1.970364712e-02 1.749299280e-02 1.525019854e-02
 1.301673520e-02 1.083537471e-02 8.749440312e-03 6.802075543e-03 5.035540555e-03
 3.490555100e-03 2.205692464e-03 1.216830569e-03 5.566586042e-04 2.542310685e-04
 3.345582227e-04 8.182115271e-04 1.720923581e-03 3.053152701e-03 4.819581285e-03
 7.018525153e-03 9.641244076e-03 1.267111208e-02 1.608256809e-02 1.983986422e-02
 2.389741316e-02 2.819795161e-02 3.272964433e-02 3.747324273e-02 4.240726680e-02
 4.750785604e-02 5.274779350e-02 5.809594691e-02 6.351654977e-02 6.896818429e-02
 7.440222055e-02 7.975988835e-02 8.496685326e-02 8.992467821e-02 9.450195730e-02
 9.853483737e-02 1.018386558e-01 1.042596176e-01 1.057235301e-01 1.062543541e-01
 1.059753746e-01 1.050627753e-01 1.036909446e-01 1.020127088e-01 1.001451239e-01
 9.817180783e-02 9.614977241e-02 9.411644936e-02 9.209556133e-02 9.010533988e-02
 6.366508082e-03 1.442449447e-02 2.547677048e-02 3.283908591e-02 3.266545013e-02
 3.141763061e-02 2.998432145e-02 2.836574800e-02 2.656466700e-02 2.458421886e-02
 2.242784947e-02 2.011297084e-02 1.767500862e-02 1.515307371e-02 1.258921251e-02
 1.002760325e-02 7.513761986e-03 5.093739368e-03 2.813347848e-03 7.174253697e-04
-1.150845783e-03-2.750552958e-03-4.043595865e-03-4.995156545e-03-5.574103445e-03
-5.753342528e-03-5.510130432e-03-4.826380406e-03-3.688983386e-03-2.090176800e-03
-2.799137474e-05 2.493187087e-03 5.461931229e-03 8.858964778e-03 1.265619975e-02
 1.681552827e-02 2.128756978e-02 2.601086535e-02 3.094678000e-02 3.608353436e-02
 4.140927643e-02 4.691314325e-02 5.258539692e-02 5.841778219e-02 6.440343708e-02
 7.053558528e-02 7.680356503e-02 8.318261802e-02 8.961036056e-02 9.593476355e-02
 1.018208265e-01 1.067487821e-01 1.102015078e-01 1.119113788e-01 1.119563580e-01
 1.107288599e-01 1.087425053e-01 1.063967869e-01 1.039191708e-01 1.014337540e-01
 9.900233895e-02 9.665179998e-02 9.439059347e-02 9.221793711e-02 9.012126923e-02
 6.331906654e-03 1.434550527e-02 2.531543747e-02 3.259402141e-02 3.233432025e-02
 3.095875494e-02 2.937261015e-02 2.757465281e-02 2.556566149e-02 2.334664948e-02
 2.092047222e-02 1.831981167e-02 1.558225974e-02 1.274934318e-02 9.865648113e-03
 6.977959070e-03 4.134395160e-03 1.383555005e-03-1.226304448e-03-3.648036625e-03
-5.836308934e-03-7.748224773e-03-9.343856946e-03-1.058669109e-02-1.144398656e-02
-1.188705489e-02-1.189149730e-02-1.143739931e-02-1.050952915e-02-9.097563103e-03
-7.196378894e-03-4.806434736e-03-1.934277010e-03 1.406811876e-03 5.196025129e-03
 9.404156357e-03 1.399258617e-02 1.891215146e-02 2.410312183e-02 2.949951775e-02
 3.510315344e-02 4.091740400e-02 4.695220664e-02 5.322635919e-02 5.977060646e-02
 6.663195789e-02 7.387942076e-02 8.161183447e-02 8.996985108e-02 9.916448593e-02
 1.096564978e-01 1.185706556e-01 1.238718480e-01 1.255603284e-01 1.230037436e-01
 1.180815771e-01 1.134871542e-01 1.092941165e-01 1.055691242e-01 1.022599936e-01
 9.929352254e-02 9.660314023e-02 9.413426369e-02 9.184375405e-02 8.969929069e-02
 6.297823973e-03 1.426773053e-02 2.519425936e-02 3.239044547e-02 3.200538829e-02
 3.050127067e-02 2.875977010e-02 2.677927725e-02 2.455857396e-02 2.209584415e-02
 1.940725930e-02 1.652850024e-02 1.349979453e-02 1.036524400e-02 7.171996403e-03
 3.969367128e-03 8.079394465e-04-2.261328744e-03-5.187964533e-03-7.922781631e-03
-1.041860413e-02-1.263089385e-02-1.451827772e-02-1.604296267e-02-1.717105322e-02
-1.787276939e-02-1.812259667e-02-1.789938286e-02-1.718642004e-02-1.597153395e-02
-1.424722001e-02-1.201087236e-02-9.265117347e-03-6.018286105e-03-2.285045339e-03
 1.912807696e-03 6.545437034e-03 1.157401502e-02 1.694955304e-02 2.261197194e-02
 2.848911099e-02 3.458301350e-02 4.091460630e-02 4.751752317e-02 5.444374681e-02
 6.177197397e-02 6.962136179e-02 7.817442715e-02 8.771535754e-02 9.868764877e-02
 1.117132083e-01 1.228000149e-01 1.294318289e-01 1.318257153e-01 1.299086958e-01
 1.234309301e-01 1.156177595e-01 1.097834930e-01 1.051965728e-01 1.014354602e-01
 9.824525565e-02 9.546340257e-02 9.298159182e-02 9.072488546e-02 8.864101022e-02
 6.265736651e-03 1.419490203e-02 2.504520305e-02 3.216683120e-02 3.170391917e-02
 3.006763943e-02 2.817054279e-02 2.600988559e-02 2.358239889e-02 2.088432014e-02
 1.794534363e-02 1.480277441e-02 1.149890572e-02 8.080087602e-03 4.595797975e-03
 1.097675180e-03-2.361442428e-03-5.728463642e-03-8.950949647e-03-1.197794732e-02
-1.476073451e-02-1.725345850e-02-1.941365376e-02-2.120263502e-02-2.258577384e-02
-2.353266813e-02-2.401721105e-02-2.401761152e-02-2.351636253e-02-2.250022069e-02
-2.096021548e-02-1.889174618e-02-1.629477181e-02-1.317416318e-02-9.540209547e-03
-5.409329198e-03-8.049447788e-04 4.241449758e-03 9.689169936e-03 1.548714191e-02
 2.157258429e-02 2.787188254e-02 3.437618166e-02 4.111453518e-02 4.812930897e-02
 5.548166111e-02 6.325885653e-02 7.158587873e-02 8.064560592e-02 9.072809666e-02
 1.024357229e-01 1.124352142e-01 1.187557057e-01 1.216251552e-01 1.209353358e-01
 1.161547899e-01 1.098909527e-01 1.051441953e-01 1.013123691e-01 9.810963273e-02
 9.535706043e-02 9.293393791e-02 9.075582772e-02 8.876211196e-02 8.691097051e-02
 6.236030720e-03 1.412762236e-02 2.494419180e-02 3.200012818e-02 3.143187985e-02
 2.966536954e-02 2.761990763e-02 2.528837323e-02 2.266428247e-02 1.975145563e-02
 1.658341289e-02 1.319955848e-02 9.644316509e-03 5.966215860e-03 2.216908615e-03
-1.549835899e-03-5.279144272e-03-8.916032501e-03-1.240635198e-02-1.569765061e-02
-1.873994432e-02-2.148636058e-02-2.389365248e-02-2.592257969e-02-2.753814869e-02
-2.870973200e-02-2.941109426e-02-2.962032147e-02-2.931972593e-02-2.849572711e-02
-2.713876590e-02-2.524329349e-02-2.280786820e-02-1.983541250e-02-1.633364335e-02
-1.231574267e-02-7.801228669e-03-2.817085711e-03 2.600897104e-03 8.406636305e-03
 1.454225741e-02 2.093627676e-02 2.750336006e-02 3.421450406e-02 4.108396545e-02
 4.812766239e-02 5.535966158e-02 6.278230250e-02 7.036282867e-02 7.797686011e-02
 8.529153466e-02 9.166282415e-02 9.649180621e-02 9.948997200e-02 1.006200984e-01
 1.001194790e-01 9.858765453e-02 9.666555375e-02 9.468447417e-02 9.277073294e-02
 9.096039087e-02 8.925406635e-02 8.763953298e-02 8.610112965e-02 8.462524414e-02
 6.208779756e-03 1.406545565e-02 2.481701784e-02 3.180494905e-02 3.116774559e-02
 2.929475717e-02 2.712072991e-02 2.463808283e-02 2.183891460e-02 1.873668283e-02
 1.536672097e-02 1.177033130e-02 7.993891835e-03 4.087903071e-03 1.059701171e-04
-3.896249924e-03-7.862103172e-03-1.173497550e-02-1.545926835e-02-1.898129657e-02
-2.225007489e-02-2.521797270e-02-2.784122340e-02-3.008029796e-02-3.190011531e-02
-3.327013552e-02-3.416433185e-02-3.456107154e-02-3.444295749e-02-3.379664198e-02
-3.261267394e-02-3.088540770e-02-2.861303464e-02-2.579777502e-02-2.244626358e-02
-1.857018284e-02-1.418716554e-02-9.321976453e-03-4.007995594e-03 1.711033168e-03
 7.779004052e-03 1.412539277e-02 2.066276595e-02 2.728555351e-02 3.393717483e-02
 4.060084000e-02 4.724717885e-02 5.382558703e-02 6.025159732e-02 6.639298797e-02
 7.206359506e-02 7.705373317e-02 8.117076010e-02 8.429255337e-02 8.640327305e-02
 8.759710193e-02 8.804609627e-02 8.795117587e-02 8.749491721e-02 8.681012690e-02
 8.598370850e-02 8.506907523e-02 8.409775048e-02 8.308780193e-02 8.206092566e-02
 6.185087375e-03 1.401128061e-02 2.473366447e-02 3.166503832e-02 3.093846701e-02
 2.897514589e-02 2.669299953e-02 2.408315055e-02 2.113642916e-02 1.787472144e-02
 1.433487516e-02 1.055979915e-02 6.597541273e-03 2.500286559e-03-1.676701941e-03
-5.876172334e-03-1.003998332e-02-1.411017124e-02-1.802996360e-02-2.174469642e-02
-2.520262264e-02-2.835557051e-02-3.115946054e-02-3.357466310e-02-3.556620330e-02
-3.710381314e-02-3.816188499e-02-3.871930391e-02-3.875925392e-02-3.826897591e-02
-3.723956645e-02-3.566582873e-02-3.354627639e-02-3.088324144e-02-2.768325806e-02
-2.395763993e-02-1.972337626e-02-1.500433125e-02-9.832759388e-03-4.251133651e-03
 1.685771393e-03 7.908588275e-03 1.433111541e-02 2.084791474e-02 2.733344398e-02
 3.371372074e-02 3.995141760e-02 4.599635303e-02 5.178282782e-02 5.722960457e-02
 6.224489957e-02 6.673463434e-02 7.062005252e-02 7.385285944e-02 7.642393559e-02
 7.836465538e-02 7.974080741e-02 8.063732833e-02 8.114163578e-02 8.133400977e-02
 8.128150553e-02 8.103684336e-02 8.064003289e-02 8.012086898e-02 7.948923856e-02
 6.166406907e-03 1.396852266e-02 2.464498952e-02 3.152875230e-02 3.075707331e-02
 2.872261591e-02 2.635514177e-02 2.364491671e-02 2.058186755e-02 1.719447970e-02
 1.352077629e-02 9.604948573e-03 5.496375728e-03 1.248587621e-03-3.081834409e-03
-7.436382119e-03-1.175574772e-02-1.598092541e-02-2.005424537e-02-2.392031252e-02
-2.752682939e-02-3.082526475e-02-3.377137706e-02-3.632554784e-02-3.845300153e-02
-4.012382403e-02-4.131288826e-02-4.199967906e-02-4.216805845e-02-4.180597514e-02
-4.090525210e-02-3.946140036e-02-3.747354820e-02-3.494455665e-02-3.188132867e-02
-2.829536051e-02-2.420358732e-02-1.962953620e-02-1.460477989e-02-9.170687757e-03
-3.380403854e-03 2.699063392e-03 8.984783664e-03 1.537624653e-02 2.175409719e-02
 2.798108198e-02 3.399270400e-02 3.975275531e-02 4.521849379e-02 5.034229904e-02
 5.507487431e-02 5.937068164e-02 6.319297105e-02 6.651901454e-02 6.934383512e-02
 7.168080658e-02 7.355898619e-02 7.501886040e-02 7.610736042e-02 7.687242329e-02
 7.735944539e-02 7.760914415e-02 7.765673846e-02 7.753196359e-02 7.727107406e-02
 6.154054776e-03 1.394015085e-02 2.460387722e-02 3.145791963e-02 3.063408844e-02
 2.854970470e-02 2.612175606e-02 2.333985642e-02 2.019484714e-02 1.671858877e-02
 1.295007765e-02 8.934485726e-03 4.722178448e-03 3.676518390e-04-4.071574658e-03
-8.536105976e-03-1.296582259e-02-1.730099320e-02-2.148333192e-02-2.545695752e-02
-2.916921489e-02-3.257135674e-02-3.561907262e-02-3.827281296e-02-4.049800336e-02
-4.226505384e-02-4.354928434e-02-4.433070496e-02-4.459377378e-02-4.432709888e-02
-4.352318123e-02-4.217820242e-02-4.029194638e-02-3.786785901e-02-3.491333127e-02
-3.144019470e-02-2.746552415e-02-2.301269211e-02-1.811274886e-02-1.280602533e-02
-7.143936586e-03-1.190849347e-03 4.974194337e-03 1.125613134e-02 1.754336245e-02
 2.370817028e-02 2.961578779e-02 3.524156660e-02 4.055841640e-02 4.553810135e-02
 5.015305430e-02 5.437855050e-02 5.819541588e-02 6.159219891e-02 6.456656009e-02
 6.712564826e-02 6.928551942e-02 7.106941193e-02 7.250549644e-02 7.362473756e-02
 7.445883751e-02 7.503864914e-02 7.539311796e-02 7.554870099e-02 7.552418113e-02
 6.149166729e-03 1.392886229e-02 2.457535639e-02 3.141414374e-02 3.057965450e-02
 2.846785262e-02 2.600525506e-02 2.318170294e-02 1.999015920e-02 1.646332443e-02
 1.264083665e-02 8.568440564e-03 4.297043197e-03-1.183332788e-04-4.619664047e-03
-9.147077799e-03-1.364001352e-02-1.803835481e-02-2.228348888e-02-2.631927654e-02
-3.009288013e-02-3.355545923e-02-3.666268289e-02-3.937507793e-02-4.165821522e-02
-4.348273575e-02-4.482424632e-02-4.566312209e-02-4.598421603e-02-4.577659070e-02
-4.503320903e-02-4.375073314e-02-4.192942381e-02-3.957315907e-02-3.668971732e-02
-3.329121694e-02-2.939487249e-02-2.502400428e-02-2.020931244e-02-1.499039214e-02
-9.417401627e-03-3.552772105e-03 2.527224366e-03 8.731295355e-03 1.495260000e-02
 2.106926963e-02 2.694593929e-02 3.251919895e-02 3.777392209e-02 4.269338027e-02
 4.726103693e-02 5.146226659e-02 5.528592318e-02 5.872562155e-02 6.178062782e-02
 6.445620209e-02 6.676333398e-02 6.871811301e-02 7.034067065e-02 7.165396214e-02
 7.268255949e-02 7.345154881e-02 7.398563623e-02 7.430848479e-02 7.444747537e-02
 6.152212154e-03 1.393622067e-02 2.459634840e-02 3.144768253e-02 3.061415255e-02
 2.848850749e-02 2.601367794e-02 2.317865007e-02 1.997569948e-02 1.643718407e-02
 1.260257326e-02 8.517544717e-03 4.232988693e-03-1.960528898e-04-4.711518064e-03
-9.253487922e-03-1.376135182e-02-1.817494631e-02-2.243561670e-02-2.648719773e-02
-3.027683496e-02-3.375568986e-02-3.687944636e-02-3.960867226e-02-4.190899804e-02
-4.375113547e-02-4.511079565e-02-4.596846178e-02-4.630913585e-02-4.612201825e-02
-4.540024698e-02-4.414066300e-02-4.234370217e-02-4.001343250e-02-3.715780005e-02
-3.378907219e-02-2.992457151e-02-2.558764629e-02-2.080893144e-02-1.562779397e-02
-1.009396464e-02-4.269168247e-03 1.771377865e-03 7.937856950e-03 1.412541047e-02
 2.021470107e-02 2.607381158e-02 3.162349761e-02 3.685225919e-02 4.174710438e-02
 4.629506171e-02 5.048466846e-02 5.430727080e-02 5.775808170e-02 6.083691493e-02
 6.354849786e-02 6.590238959e-02 6.791255623e-02 6.959661096e-02 7.097492367e-02
 7.206967473e-02 7.290392369e-02 7.350079715e-02 7.388286293e-02 7.407162338e-02
 6.161982194e-03 1.395891327e-02 2.463427559e-02 3.151248023e-02 3.071272373e-02
 2.859713696e-02 2.613879368e-02 2.332613245e-02 2.014913224e-02 1.663932949e-02
 1.283554267e-02 8.782904595e-03 4.531827755e-03 1.369155507e-04-4.344169516e-03
-8.851874620e-03-1.332591567e-02-1.770641655e-02-2.193496563e-02-2.595558576e-02
-2.971557155e-02-3.316617385e-02-3.626312315e-02-3.896697611e-02-4.124332219e-02
-4.306278750e-02-4.440096021e-02-4.523818940e-02-4.555931315e-02-4.535336792e-02
-4.461332411e-02-4.333586618e-02-4.152128845e-02-3.917356208e-02-3.630055860e-02
-3.291454166e-02-2.903288044e-02-2.467908151e-02-1.988402195e-02-1.468746364e-02
-9.139677510e-03-3.303122241e-03 2.746040933e-03 8.916805498e-03 1.510289405e-02
 2.118321136e-02 2.702388912e-02 3.256287053e-02 3.778558224e-02 4.267599434e-02
 4.721831158e-02 5.139855668e-02 5.520609766e-02 5.863485858e-02 6.168410182e-02
 6.435877085e-02 6.666932255e-02 6.863110512e-02 7.026339322e-02 7.158827037e-02
 7.262953371e-02 7.341160625e-02 7.395872474e-02 7.429423183e-02 7.444553077e-02
 6.176978815e-03 1.399295125e-02 2.469767630e-02 3.160992265e-02 3.084716015e-02
 2.877518907e-02 2.636732534e-02 2.361286245e-02 2.050122619e-02 1.706152223e-02
 1.333190221e-02 9.356737137e-03 5.185641348e-03 8.724174695e-04-3.526056651e-03
-7.950969972e-03-1.234272495e-02-1.664204895e-02-2.079104818e-02-2.473416179e-02
-2.841898426e-02-3.179696202e-02-3.482389823e-02-3.746032342e-02-3.967168182e-02
-4.142837599e-02-4.270568490e-02-4.348357767e-02-4.374646768e-02-4.348294064e-02
-4.268549383e-02-4.135035351e-02-3.947740048e-02-3.707023337e-02-3.413645551e-02
-3.068818152e-02-2.674281038e-02-2.232409827e-02-1.746347547e-02-1.220163424e-02
-6.590266712e-03-6.938538863e-04 5.408681929e-03 1.162277255e-02 1.783761568e-02
 2.392713353e-02 2.976151183e-02 3.531652689e-02 4.056658596e-02 4.548519850e-02
 5.004657432e-02 5.422795936e-02 5.801165849e-02 6.138697267e-02 6.435160339e-02
 6.691196561e-02 6.908254325e-02 7.088450342e-02 7.234398276e-02 7.348991185e-02
 7.435219735e-02 7.496028394e-02 7.534208894e-02 7.552341372e-02 7.552246749e-02
 6.196861621e-03 1.403804123e-02 2.477763593e-02 3.173537925e-02 3.102901764e-02
 2.902399376e-02 2.669398300e-02 2.402944863e-02 2.102073282e-02 1.769097708e-02
 1.407742407e-02 1.022340544e-02 6.177414209e-03 1.992096426e-03-2.276820131e-03
-6.571629550e-03-1.083376072e-02-1.500486303e-02-1.902783476e-02-2.284775116e-02
-2.641269378e-02-2.967441268e-02-3.258885443e-02-3.511651978e-02-3.722267598e-02
-3.887740150e-02-4.005553201e-02-4.073649645e-02-4.090408981e-02-4.054624587e-02
-3.965478763e-02-3.822529316e-02-3.625703603e-02-3.375310823e-02-3.072072938e-02
-2.717181668e-02-2.312381938e-02-1.860084012e-02-1.363507751e-02-8.268501610e-03
-2.554765902e-03 3.438807093e-03 9.629374370e-03 1.591692865e-02 2.218383364e-02
 2.829406410e-02 3.418996930e-02 3.983663395e-02 4.519357160e-02 5.021655560e-02
 5.486073345e-02 5.908420309e-02 6.285359710e-02 6.614850461e-02 6.896402687e-02
 7.131133229e-02 7.321624458e-02 7.471515238e-02 7.585006207e-02 7.666479051e-02
 7.720157504e-02 7.749892026e-02 7.759070396e-02 7.750598341e-02 7.728098333e-02
 6.221451797e-03 1.409395225e-02 2.487665787e-02 3.189190477e-02 3.125874326e-02
 2.934011072e-02 2.711203694e-02 2.456607111e-02 2.169379778e-02 1.851035096e-02
 1.505165268e-02 1.135959383e-02 7.481155917e-03 3.467444098e-03-6.273376057e-04
-4.746949766e-03-8.834189735e-03-1.283194218e-02-1.668417454e-02-2.033684589e-02
-2.373871394e-02-2.684199251e-02-2.960287407e-02-3.198190033e-02-3.394417465e-02
-3.545944393e-02-3.650207445e-02-3.705089167e-02-3.708902374e-02-3.660368547e-02
-3.558599204e-02-3.403084353e-02-3.193693608e-02-2.930690348e-02-2.614768781e-02
-2.247114852e-02-1.829494163e-02-1.364370529e-02-8.550547995e-03-3.058829345e-03
 2.775831847e-03 8.883430623e-03 1.517731696e-02 2.155266702e-02 2.788385004e-02
 3.410621732e-02 4.018190503e-02 4.606176168e-02 5.168341473e-02 5.697165057e-02
 6.184239313e-02 6.621424109e-02 7.001850754e-02 7.321174443e-02 7.578532398e-02
 7.776635140e-02 7.920984179e-02 8.018823713e-02 8.078015596e-02 8.105871826e-02
 8.108644187e-02 8.091381192e-02 8.058017492e-02 8.011557907e-02 7.953076810e-02
 6.250161678e-03 1.415934227e-02 2.499719523e-02 3.208119795e-02 3.152906522e-02
 2.971479110e-02 2.760955878e-02 2.520712651e-02 2.250067145e-02 1.949582994e-02
 1.622681692e-02 1.273369323e-02 9.061543271e-03 5.259560421e-03 1.380062080e-03
-2.522522816e-03-6.392688956e-03-1.017486304e-02-1.381436735e-02-1.725830138e-02
-2.045632526e-02-2.336130664e-02-2.592985146e-02-2.812267654e-02-2.990484051e-02
-3.124586120e-02-3.211970627e-02-3.250471875e-02-3.238346055e-02-3.174256906e-02
-3.057263978e-02-2.886814252e-02-2.662748843e-02-2.385323867e-02-2.055249922e-02
-1.673756167e-02-1.242680661e-02-7.645876147e-03-2.429147018e-03 3.178560873e-03
 9.120028466e-03 1.532348711e-02 2.170098945e-02 2.814500034e-02 3.461133689e-02
 4.107864946e-02 4.751347378e-02 5.386225134e-02 6.004136056e-02 6.592814624e-02
 7.136178017e-02 7.615413517e-02 8.013905585e-02 8.321507275e-02 8.536686003e-02
 8.666890115e-02 8.726926148e-02 8.734339476e-02 8.704737574e-02 8.650285751e-02
 8.579438925e-02 8.497701585e-02 8.408523351e-02 8.314018697e-02 8.216585964e-02
 6.282014772e-03 1.423188951e-02 2.512228489e-02 3.228173405e-02 3.183241189e-02
 3.013474867e-02 2.816955931e-02 2.593117394e-02 2.341485023e-02 2.061630599e-02
 1.756727882e-02 1.430549286e-02 1.087376848e-02 7.319064811e-03 3.691514721e-03
 4.343522232e-05-3.571660258e-03-7.100031711e-03-1.048863493e-02-1.368597895e-02
-1.664287597e-02-1.931309514e-02-2.165388130e-02-2.362633869e-02-2.519570291e-02
-2.633147687e-02-2.700748295e-02-2.720182762e-02-2.689682692e-02-2.607892640e-02
-2.473864332e-02-2.287057415e-02-2.047352307e-02-1.755076088e-02-1.411048323e-02
-1.016644947e-02-5.738877226e-03-8.555363165e-04 4.446948878e-03 1.012155227e-02
 1.610926725e-02 2.233767509e-02 2.871846035e-02 3.524021432e-02 4.191086441e-02
 4.873828590e-02 5.572507158e-02 6.285745651e-02 7.008119673e-02 7.725062221e-02
 8.404214680e-02 8.996323496e-02 9.453197569e-02 9.747856855e-02 9.877326339e-02
 9.864076227e-02 9.754447639e-02 9.597819299e-02 9.426177293e-02 9.254147112e-02
 9.087364376e-02 8.927389234e-02 8.774036914e-02 8.626450598e-02 8.483789861e-02
 6.315994076e-03 1.430907473e-02 2.526704408e-02 3.250575811e-02 3.214811161e-02
 3.058302589e-02 2.877172269e-02 2.671145275e-02 2.439958602e-02 2.183279395e-02
 1.902984455e-02 1.602669060e-02 1.286403090e-02 9.586530738e-03 6.241971161e-03
 2.880343003e-03-4.470780550e-04-3.688645549e-03-6.793222390e-03-9.710998274e-03
-1.239422522e-02-1.479785237e-02-1.688005030e-02-1.860261708e-02-1.993127540e-02
-2.083585970e-02-2.129042335e-02-2.127327770e-02-2.076699957e-02-1.975844242e-02
-1.823876798e-02-1.620356552e-02-1.365305856e-02-1.059246436e-02-7.032501046e-03
-2.990067471e-03 1.510921516e-03 6.438553799e-03 1.175180729e-02 1.739973016e-02
 2.332038619e-02 2.943607792e-02 3.576223925e-02 4.232396185e-02 4.915856943e-02
 5.631935596e-02 6.388087571e-02 7.194620371e-02 8.065801859e-02 9.022478014e-02
 1.011131629e-01 1.104286164e-01 1.164372936e-01 1.192640066e-01 1.188040003e-01
 1.146708727e-01 1.091426536e-01 1.048105806e-01 1.012224928e-01 9.817400575e-02
 9.552481025e-02 9.317424893e-02 9.104900062e-02 8.909497410e-02 8.727425337e-02
 6.351475138e-03 1.438974496e-02 2.540218458e-02 3.272291273e-02 3.248165920e-02
 3.105191886e-02 2.940043248e-02 2.752607502e-02 2.542861924e-02 2.310771495e-02
 2.056813985e-02 1.784319617e-02 1.497097593e-02 1.199354324e-02 8.956090547e-03
 5.906054284e-03 2.892241348e-03-3.604513768e-05-2.829839708e-03-5.441298708e-03
-7.824413478e-03-9.935634211e-03-1.173440274e-02-1.318357885e-02-1.424977556e-02
-1.490360219e-02-1.511984505e-02-1.487759128e-02-1.416033786e-02-1.295611449e-02
-1.125764195e-02-9.062574245e-03-6.373844575e-03-3.200134961e-03 4.435118462e-04
 4.534945358e-03 9.043993428e-03 1.393156219e-02 1.914901473e-02 2.463693544e-02
 3.033921681e-02 3.626792505e-02 4.244497418e-02 4.890452698e-02 5.569883063e-02
 6.290671229e-02 7.064728439e-02 7.910291851e-02 8.855780214e-02 9.945675731e-02
 1.124525294e-01 1.235406771e-01 1.301903576e-01 1.326301396e-01 1.307930797e-01
 1.242720857e-01 1.163065210e-01 1.103938967e-01 1.057680696e-01 1.019882187e-01
 9.878931195e-02 9.600402415e-02 9.352163970e-02 9.126592427e-02 8.918374777e-02
 6.387643050e-03 1.447220240e-02 2.556097880e-02 3.296973556e-02 3.282577172e-02
 3.152944893e-02 3.003681079e-02 2.834845521e-02 2.646612562e-02 2.439178526e-02
 2.212758921e-02 1.969364844e-02 1.712576300e-02 1.446349360e-02 1.174938399e-02
 9.028191678e-03 6.346074864e-03 3.749778029e-03 1.285845763e-03-1.000127872e-03
-3.064187476e-03-4.864633549e-03-6.362560671e-03-7.522310130e-03-8.311848156e-03
-8.703072555e-03-8.672072552e-03-8.199350908e-03-7.270054892e-03-5.874219816e-03
-4.007081036e-03-1.669465331e-03 1.131717581e-03 4.382847343e-03 8.062809706e-03
 1.214210968e-02 1.658209041e-02 2.133367769e-02 2.633541077e-02 3.155645728e-02
 3.699654713e-02 4.266170040e-02 4.856488109e-02 5.472894758e-02 6.119026989e-02
 6.800399721e-02 7.525173575e-02 8.305337280e-02 9.158748388e-02 1.011411175e-01
 1.123467311e-01 1.218044311e-01 1.273254901e-01 1.289972514e-01 1.261118501e-01
 1.205367446e-01 1.152959913e-01 1.107058600e-01 1.067338660e-01 1.032662317e-01
 1.001949608e-01 9.743349999e-02 9.491538256e-02 9.259016812e-02 9.042113274e-02
 6.423114799e-03 1.455310546e-02 2.569314837e-02 3.318570182e-02 3.316296637e-02
 3.199616447e-02 3.065767325e-02 2.914993092e-02 2.747680806e-02 2.564275824e-02
 2.365289256e-02 2.151328884e-02 1.925466955e-02 1.691379771e-02 1.453041844e-02
 1.214645617e-02 9.805251844e-03 7.550793700e-03 5.426965188e-03 3.476833925e-03
 1.741981483e-03 2.618963190e-04-9.265720728e-04-1.789693139e-03-2.297276398e-03
-2.423043596e-03-2.144968603e-03-1.445609145e-03-3.124509822e-04 1.261705649e-03
 3.278296208e-03 5.732441787e-03 8.612265810e-03 1.189811155e-02 1.556177810e-02
 1.956545189e-02 2.386108413e-02 2.838872559e-02 3.314038366e-02 3.810411319e-02
 4.327007383e-02 4.863029718e-02 5.417945236e-02 5.991518870e-02 6.583829969e-02
 7.195173204e-02 7.825722545e-02 8.474609256e-02 9.137652814e-02 9.801782668e-02
 1.043315083e-01 1.096420214e-01 1.132798120e-01 1.149337888e-01 1.146710962e-01
 1.130251065e-01 1.106751114e-01 1.080369130e-01 1.053352505e-01 1.026821509e-01
 1.001262516e-01 9.768327326e-02 9.535308927e-02 9.312858433e-02 9.099269658e-02
 6.456372794e-03 1.462897286e-02 2.584383078e-02 3.341745958e-02 3.347921744e-02
 3.243366629e-02 3.123961762e-02 2.990119159e-02 2.842425555e-02 2.681544237e-02
 2.508221380e-02 2.323285863e-02 2.128001116e-02 1.925791614e-02 1.720347628e-02
 1.515575126e-02 1.315516233e-02 1.124277897e-02 9.459615685e-03 7.845948450e-03
 6.440670229e-03 5.280695856e-03 4.400409758e-03 3.831166774e-03 3.600828350e-03
 3.733333433e-03 4.248279613e-03 5.160501692e-03 6.479615811e-03 8.209511638e-03
 1.034774352e-02 1.288484130e-02 1.580362022e-02 1.907816157e-02 2.267319709e-02
 2.653765306e-02 3.065169416e-02 3.499846160e-02 3.956091776e-02 4.431983829e-02
 4.925386980e-02 5.433952436e-02 5.955091491e-02 6.485930830e-02 7.023201138e-02
 7.562984526e-02 8.100212365e-02 8.627858013e-02 9.135788679e-02 9.609480202e-02
 1.002943963e-01 1.037432849e-01 1.062548831e-01 1.077313200e-01 1.082039103e-01
 1.078118235e-01 1.067546159e-01 1.052378640e-01 1.034279764e-01 1.014474034e-01
 9.938032180e-02 9.728191793e-02 9.518698603e-02 9.311657399e-02 9.108609706e-02
 6.485945545e-03 1.469648164e-02 2.594787069e-02 3.359212354e-02 3.376124427e-02
 3.282464668e-02 3.176035732e-02 3.057441674e-02 2.927459404e-02 2.786954492e-02
 2.636886016e-02 2.478315309e-02 2.312415838e-02 2.140914463e-02 1.967251860e-02
 1.795046218e-02 1.628042944e-02 1.470045187e-02 1.324847899e-02 1.196173858e-02
 1.087612752e-02 1.002562791e-02 9.441758506e-03 9.153062478e-03 9.184617549e-03
 9.557555430e-03 1.028859429e-02 1.138952933e-02 1.286668517e-02 1.472032629e-02
 1.694407314e-02 1.952397265e-02 2.243804932e-02 2.565087192e-02 2.914439887e-02
 3.290655836e-02 3.692226112e-02 4.117348045e-02 4.563827068e-02 5.029000714e-02
 5.509648472e-02 6.001912802e-02 6.501262635e-02 7.002516091e-02 7.499936223e-02
 7.987263054e-02 8.457481116e-02 8.902239054e-02 9.311860055e-02 9.676171094e-02
 9.985480458e-02 1.023140550e-01 1.040840000e-01 1.051496640e-01 1.055395976e-01
 1.053236276e-01 1.045981348e-01 1.034676433e-01 1.020329744e-01 1.003817469e-01
 9.858509898e-02 9.669797868e-02 9.476120025e-02 9.280415624e-02 9.085454792e-02
 6.510331761e-03 1.475233305e-02 2.606682107e-02 3.377151862e-02 3.399773687e-02
 3.315243497e-02 3.219823167e-02 3.114269674e-02 2.999545261e-02 2.876697481e-02
 2.746865526e-02 2.611291036e-02 2.471332252e-02 2.328481153e-02 2.184558846e-02
 2.042933553e-02 1.907040924e-02 1.780361496e-02 1.666364074e-02 1.568441652e-02
 1.489853393e-02 1.433668751e-02 1.402714662e-02 1.399523206e-02 1.426281128e-02
 1.484779827e-02 1.576364599e-02 1.701885648e-02 1.861630194e-02 2.055265754e-02
 2.281810716e-02 2.539114654e-02 2.826553211e-02 3.143679351e-02 3.489768133e-02
 3.863894567e-02 4.264802113e-02 4.690802470e-02 5.139631405e-02 5.608268455e-02
 6.092721969e-02 6.587807089e-02 7.086957246e-02 7.582164556e-02 8.064287901e-02
 8.524981886e-02 8.960852772e-02 9.362818301e-02 9.714898467e-02 1.000817418e-01
 1.023854688e-01 1.040507481e-01 1.050952300e-01 1.055580974e-01 1.054962426e-01
 1.049776152e-01 1.040756106e-01 1.028638855e-01 1.014112681e-01 9.977888316e-02
 9.801855683e-02 9.617257863e-02 9.427431971e-02 9.234934300e-02 9.041611850e-02
 6.527693011e-03 1.479252707e-02 2.612061240e-02 3.387221321e-02 3.417693451e-02
 3.339946270e-02 3.253028169e-02 3.157831728e-02 3.055463359e-02 2.947117202e-02
 2.834072709e-02 2.717698552e-02 2.599461935e-02 2.480943501e-02 2.363853902e-02
 2.250039019e-02 2.142498083e-02 2.044381946e-02 1.958815008e-02 1.888835244e-02
 1.837340184e-02 1.807035506e-02 1.800385676e-02 1.819563098e-02 1.866397820e-02
 1.942321658e-02 2.048325911e-02 2.184948884e-02 2.352088504e-02 2.548732422e-02
 2.775587328e-02 3.032842465e-02 3.320626915e-02 3.639011830e-02 3.987931833e-02
 4.367123917e-02 4.776033387e-02 5.213670805e-02 5.678429455e-02 6.167798117e-02
 6.677964330e-02 7.203270495e-02 7.735542953e-02 8.263402432e-02 8.771817386e-02
 9.242378175e-02 9.683413059e-02 1.008340269e-01 1.040203050e-01 1.063473076e-01
 1.078406647e-01 1.085781902e-01 1.086684838e-01 1.082315817e-01 1.073778719e-01
 1.062010527e-01 1.047774032e-01 1.031681299e-01 1.014224961e-01 9.958016872e-02
 9.767302871e-02 9.572646022e-02 9.376038611e-02 9.179013968e-02 8.983615786e-02
 6.535432767e-03 1.481117681e-02 2.617662400e-02 3.395336121e-02 3.427329659e-02
 3.353961557e-02 3.272815794e-02 3.184995428e-02 3.091784380e-02 2.994524129e-02
 2.894610353e-02 2.793494426e-02 2.692693472e-02 2.593801357e-02 2.498508431e-02
 2.408616431e-02 2.326088026e-02 2.253129333e-02 2.192571200e-02 2.147068270e-02
 2.119116858e-02 2.111023106e-02 2.124851942e-02 2.162393928e-02 2.225106582e-02
 2.313998342e-02 2.429439500e-02 2.572216094e-02 2.743180469e-02 2.942946553e-02
 3.172233328e-02 3.431774676e-02 3.722345456e-02 4.044782370e-02 4.399941489e-02
 4.788620025e-02 5.211480334e-02 5.668977648e-02 6.161211804e-02 6.687744707e-02
 7.247133553e-02 7.836077362e-02 8.447971195e-02 9.070577472e-02 9.682728350e-02
 1.025109291e-01 1.076584533e-01 1.119700894e-01 1.149027869e-01 1.164227277e-01
 1.166597903e-01 1.158866733e-01 1.144363657e-01 1.125834435e-01 1.105154455e-01
 1.083439365e-01 1.061310396e-01 1.039105132e-01 1.017007828e-01 9.951226413e-02
 9.735117853e-02 9.522143006e-02 9.312545508e-02 9.106460959e-02 8.904057741e-02
 6.530072540e-03 1.480065379e-02 2.614464425e-02 3.391949460e-02 3.426278010e-02
 3.354311734e-02 3.275780380e-02 3.192034736e-02 3.104567342e-02 3.014869988e-02
 2.924432792e-02 2.834749781e-02 2.747328952e-02 2.663708664e-02 2.585473657e-02
 2.514274791e-02 2.451845072e-02 2.400019579e-02 2.360743470e-02 2.335953712e-02
 2.327650785e-02 2.337741666e-02 2.367780358e-02 2.419197373e-02 2.493334562e-02
 2.591333725e-02 2.714171074e-02 2.862797678e-02 3.038160130e-02 3.241202608e-02
 3.472917899e-02 3.734413534e-02 4.027027264e-02 4.352487996e-02 4.713038355e-02
 5.110949278e-02 5.548426881e-02 6.027522683e-02 6.550727785e-02 7.121354342e-02
 7.743457705e-02 8.421492577e-02 9.159471840e-02 9.958608449e-02 1.080984995e-01
 1.166846156e-01 1.241858900e-01 1.295277178e-01 1.322710514e-01 1.322950721e-01
 1.298164278e-01 1.258320808e-01 1.215754300e-01 1.175441071e-01 1.138392389e-01
 1.104476526e-01 1.073272452e-01 1.044330671e-01 1.017254367e-01 9.917175025e-02
 9.674605727e-02 9.442795068e-02 9.220129251e-02 9.005270898e-02 8.796505630e-02
 6.506450474e-03 1.474993397e-02 2.607764304e-02 3.381874412e-02 3.411324322e-02
 3.336992487e-02 3.257360682e-02 3.174069151e-02 3.088826127e-02 3.003253229e-02
 2.918892354e-02 2.837220207e-02 2.759670094e-02 2.687652409e-02 2.622575872e-02
 2.565863915e-02 2.518967539e-02 2.483369969e-02 2.460576966e-02 2.452098764e-02
 2.459431067e-02 2.484015003e-02 2.527195401e-02 2.590233274e-02 2.674313076e-02
 2.780541778e-02 2.909968235e-02 3.063612245e-02 3.242492676e-02 3.447650746e-02
 3.680174798e-02 3.941209987e-02 4.231848568e-02 4.557134584e-02 4.919838905e-02
 5.320490897e-02 5.762498081e-02 6.254857033e-02 6.797948480e-02 7.398571819e-02
 8.067242056e-02 8.818376809e-02 9.672631323e-02 1.066101417e-01 1.183359623e-01
 1.327409744e-01 1.448048055e-01 1.520131826e-01 1.546767652e-01 1.526541412e-01
 1.452753097e-01 1.348323226e-01 1.269309968e-01 1.206793934e-01 1.155316755e-01
 1.111606285e-01 1.073562652e-01 1.039769500e-01 1.009236351e-01 9.812523425e-02
 9.552972019e-02 9.309847653e-02 9.080261737e-02 8.862076700e-02 8.654074371e-02
 6.455711089e-03 1.464009471e-02 2.588057704e-02 3.353920206e-02 3.376908973e-02
 3.295490518e-02 3.210613504e-02 3.124072775e-02 3.037738428e-02 2.953290753e-02
 2.872230113e-02 2.795919217e-02 2.725623362e-02 2.662546746e-02 2.607860602e-02
 2.562724054e-02 2.528296411e-02 2.505742759e-02 2.496232092e-02 2.500930429e-02
 2.520989254e-02 2.557533793e-02 2.611654066e-02 2.684401534e-02 2.776793949e-02
 2.889821306e-02 3.024459444e-02 3.181687742e-02 3.362507746e-02 3.567964211e-02
 3.799158707e-02 4.057253152e-02 4.343422502e-02 4.663663357e-02 5.019945651e-02
 5.412977561e-02 5.846387148e-02 6.329948455e-02 6.864936650e-02 7.458322495e-02
 8.121848851e-02 8.871866018e-02 9.732156992e-02 1.073868126e-01 1.194738597e-01
 1.344042718e-01 1.466174126e-01 1.535572708e-01 1.554908007e-01 1.522731334e-01
 1.440644413e-01 1.334715635e-01 1.254615337e-01 1.190613136e-01 1.137735397e-01
 1.092876941e-01 1.053967923e-01 1.019576639e-01 9.886842221e-02 9.605488926e-02
 9.346204251e-02 9.104854614e-02 8.878305554e-02 8.664176613e-02 8.460295200e-02
 6.361546461e-03 1.443687640e-02 2.555428818e-02 3.306510299e-02 3.312671930e-02
 3.218533471e-02 3.124747053e-02 3.031690419e-02 2.941811644e-02 2.856573835e-02
 2.777239680e-02 2.704901807e-02 2.640529349e-02 2.585025504e-02 2.539263852e-02
 2.504111268e-02 2.480437420e-02 2.469116077e-02 2.471023612e-02 2.487033047e-02
 2.518010326e-02 2.564808726e-02 2.628268860e-02 2.709219046e-02 2.808480337e-02
 2.926875465e-02 3.065238334e-02 3.224429861e-02 3.405356407e-02 3.608992323e-02
 3.836413845e-02 4.088856652e-02 4.367846996e-02 4.675570503e-02 5.015044659e-02
 5.389032513e-02 5.800520256e-02 6.252343953e-02 6.747868657e-02 7.292123139e-02
 7.891748846e-02 8.555035293e-02 9.291981161e-02 1.011382267e-01 1.103016883e-01
 1.202775091e-01 1.291585565e-01 1.344437301e-01 1.357783526e-01 1.328354627e-01
 1.275566816e-01 1.222442985e-01 1.172022745e-01 1.125851870e-01 1.084286496e-01
 1.046954766e-01 1.013284475e-01 9.827027470e-02 9.547017515e-02 9.288533032e-02
 9.048042446e-02 8.822666854e-02 8.610072732e-02 8.408366144e-02 8.215375245e-02
 6.191589404e-03 1.407300029e-02 2.494484000e-02 3.220769763e-02 3.206008300e-02
 3.093125671e-02 2.984490804e-02 2.882543020e-02 2.788571641e-02 2.702662908e-02
 2.625498921e-02 2.557630278e-02 2.499557100e-02 2.451791987e-02 2.414882928e-02
 2.389416099e-02 2.376003936e-02 2.375271916e-02 2.387846820e-02 2.414347418e-02
 2.455382422e-02 2.511549741e-02 2.583441325e-02 2.671648562e-02 2.776770853e-02
 2.899423242e-02 3.040245920e-02 3.199915960e-02 3.379160166e-02 3.578772023e-02
 3.799635544e-02 4.042756557e-02 4.309299961e-02 4.600599036e-02 4.918147996e-02
 5.263493583e-02 5.638162419e-02 6.043613702e-02 6.481263041e-02 6.952361017e-02
 7.457634807e-02 7.996512949e-02 8.565606177e-02 9.155870974e-02 9.747724980e-02
 1.030490473e-01 1.077470183e-01 1.110347956e-01 1.126207560e-01 1.125448346e-01
 1.111820564e-01 1.090252101e-01 1.064501107e-01 1.037128195e-01 1.009657755e-01
 9.829165787e-02 9.572955966e-02 9.329326451e-02 9.098274261e-02 8.879101276e-02
 8.670807630e-02 8.472304791e-02 8.282530308e-02 8.100498468e-02 7.926423848e-02
 5.877716001e-03 1.340832282e-02 2.387548983e-02 3.071405925e-02 3.018723987e-02
 2.886058390e-02 2.764745988e-02 2.657130547e-02 2.562769689e-02 2.480153367e-02
 2.408789285e-02 2.348405309e-02 2.298961766e-02 2.260632254e-02 2.233750932e-02
 2.218750305e-02 2.216102928e-02 2.226278186e-02 2.249714546e-02 2.286810800e-02
 2.337928861e-02 2.403406426e-02 2.483571880e-02 2.578759938e-02 2.689323202e-02
 2.815641463e-02 2.958128043e-02 3.117233887e-02 3.293449432e-02 3.487307206e-02
 3.699380159e-02 3.930279985e-02 4.180644453e-02 4.451114312e-02 4.742283374e-02
 5.054637045e-02 5.388465151e-02 5.743747950e-02 6.119976565e-02 6.515894085e-02
 6.929089129e-02 7.355386764e-02 7.788022608e-02 8.216693997e-02 8.626823872e-02
 8.999874443e-02 9.315630794e-02 9.556809813e-02 9.713009745e-02 9.783972055e-02
 9.778328240e-02 9.710630029e-02 9.597548842e-02 9.453691542e-02 9.290698171e-02
 9.117129445e-02 8.938911557e-02 8.759942651e-02 8.582656085e-02 8.408471197e-02
 8.238134533e-02 8.071953803e-02 7.909964025e-02 7.752037793e-02 7.595692575e-02
 5.271760281e-03 1.213091426e-02 2.183875442e-02 2.802011557e-02 2.706983685e-02
 2.553952299e-02 2.432106435e-02 2.333471552e-02 2.250757441e-02 2.181212790e-02
 2.123067528e-02 2.075497620e-02 2.038354054e-02 2.011930756e-02 1.996765286e-02
 1.993477531e-02 2.002644166e-02 2.024719678e-02 2.060010470e-02 2.108686045e-02
 2.170818299e-02 2.246429771e-02 2.335536107e-02 2.438178658e-02 2.554442175e-02
 2.684462257e-02 2.828424051e-02 2.986554801e-02 3.159113601e-02 3.346377611e-02
 3.548625484e-02 3.766116127e-02 3.999059275e-02 4.247578979e-02 4.511661455e-02
 4.791089892e-02 5.085354671e-02 5.393541604e-02 5.714187399e-02 6.045094877e-02
 6.383105367e-02 6.723848730e-02 7.061522454e-02 7.388782501e-02 7.696907967e-02
 7.976378500e-02 8.217911422e-02 8.413749188e-02 8.559139818e-02 8.652961254e-02
 8.697828650e-02 8.699139208e-02 8.663713932e-02 8.598892391e-02 8.511561155e-02
 8.407676965e-02 8.292102069e-02 8.168629557e-02 8.040120453e-02 7.908667624e-02
 7.775758952e-02 7.642422616e-02 7.509343326e-02 7.376958430e-02 7.246519625e-02
 4.105289467e-03 9.518202394e-03 1.753241755e-02 2.257640287e-02 2.149773389e-02
 2.038824931e-02 1.962884702e-02 1.903773285e-02 1.854388043e-02 1.811869070e-02
 1.775458083e-02 1.745529100e-02 1.723139733e-02 1.709728129e-02 1.706842892e-02
 1.715873741e-02 1.737840474e-02 1.773292013e-02 1.822314411e-02 1.884654164e-02
 1.959877834e-02 2.047518454e-02 2.147169597e-02 2.258532867e-02 2.381425723e-02
 2.515771426e-02 2.661575936e-02 2.818902582e-02 2.987845056e-02 3.168501332e-02
 3.360944986e-02 3.565197065e-02 3.781192377e-02 4.008742049e-02 4.247485846e-02
 4.496839270e-02 4.755928740e-02 5.023515224e-02 5.297910422e-02 5.576884747e-02
 5.857584998e-02 6.136469170e-02 6.409300119e-02 6.671221554e-02 6.916963309e-02
 7.141187042e-02 7.338955998e-02 7.506275922e-02 7.640493661e-02 7.740604877e-02
 7.807227969e-02 7.842412591e-02 7.849285752e-02 7.831529528e-02 7.792999595e-02
 7.737407833e-02 7.668119669e-02 7.588054985e-02 7.499655336e-02 7.404908538e-02
 7.305389643e-02 7.202316821e-02 7.096610218e-02 6.988946348e-02 6.880089641e-02
 2.475321293e-03 5.394799635e-03 8.831343614e-03 1.161494944e-02 1.307064388e-02
 1.376460865e-02 1.406577788e-02 1.416123938e-02 1.413505618e-02 1.403528173e-02
 1.389771793e-02 1.375540439e-02 1.364344265e-02 1.359992102e-02 1.366239507e-02
 1.386189647e-02 1.421710011e-02 1.473179925e-02 1.539768651e-02 1.619981229e-02
 1.712248474e-02 1.815265045e-02 1.928092167e-02 2.050125971e-02 2.181024477e-02
 2.320630662e-02 2.468905784e-02 2.625876106e-02 2.791590057e-02 2.966082655e-02
 3.149343282e-02 3.341287747e-02 3.541726619e-02 3.750336543e-02 3.966623917e-02
 4.189890251e-02 4.419191554e-02 4.653298482e-02 4.890657216e-02 5.129357427e-02
 5.367114395e-02 5.601274595e-02 5.828857794e-02 6.046645343e-02 6.251319498e-02
 6.439653039e-02 6.608727574e-02 6.756150723e-02 6.880255044e-02 6.980200112e-02
 7.056011260e-02 7.108493894e-02 7.139083743e-02 7.149677724e-02 7.142433524e-02
 7.119599730e-02 7.083377242e-02 7.035823911e-02 6.978792697e-02 6.913906336e-02
 6.842545420e-02 6.765851378e-02 6.684725732e-02 6.599818915e-02 6.511959434e-02
 1.302008866e-03 2.759093186e-03 4.445161670e-03 6.069328170e-03 7.448093500e-03
 8.561431430e-03 9.299311787e-03 9.741536342e-03 9.976712056e-03 1.005222835e-02
 1.000737399e-02 9.883348830e-03 9.733911604e-03 9.637053125e-03 9.682524949e-03
 9.945661761e-03 1.046135463e-02 1.121433172e-02 1.215461548e-02 1.322576031e-02
 1.438836288e-02 1.562113687e-02 1.691319980e-02 1.825994998e-02 1.966028847e-02
 2.111495472e-02 2.262551524e-02 2.419371344e-02 2.582106367e-02 2.750854567e-02
 2.925637551e-02 3.106379136e-02 3.292886168e-02 3.484829143e-02 3.681721166e-02
 3.882900253e-02 4.087508097e-02 4.294474423e-02 4.502504319e-02 4.710074142e-02
 4.915439337e-02 5.116657540e-02 5.311631784e-02 5.498177186e-02 5.674105883e-02
 5.837333202e-02 5.985987559e-02 6.118521094e-02 6.233792379e-02 6.331125647e-02
 6.410327554e-02 6.471664459e-02 6.515806913e-02 6.543748826e-02 6.556710601e-02
 6.556054205e-02 6.543195993e-02 6.519543380e-02 6.486441940e-02 6.445142627e-02
 6.396784633e-02 6.342383474e-02 6.282835454e-02 6.218930706e-02 6.151475385e-02
 6.947610527e-04 1.480225939e-03 2.422433579e-03 3.395316191e-03 4.323600791e-03
 5.200868472e-03 5.860026926e-03 6.295644213e-03 6.530381739e-03 6.572584156e-03
 6.428950466e-03 6.107854191e-03 5.624453537e-03 5.069022533e-03 4.771564621e-03
 5.000447854e-03 5.843394902e-03 7.178579923e-03 8.643538691e-03 1.012749411e-02
 1.160891540e-02 1.308336668e-02 1.455369964e-02 1.602802612e-02 1.751444302e-02
 1.901997440e-02 2.055049874e-02 2.211078443e-02 2.370446175e-02 2.533398941e-02
 2.700062282e-02 2.870436944e-02 3.044393472e-02 3.221666068e-02 3.401846066e-02
 3.584374860e-02 3.768539801e-02 3.953469545e-02 4.138137773e-02 4.321369529e-02
 4.501855001e-02 4.678174853e-02 4.848835617e-02 5.012312159e-02 5.167103931e-02
 5.311793461e-02 5.445107445e-02 5.565972626e-02 5.673563853e-02 5.767333880e-02
 5.847027153e-02 5.912674218e-02 5.964565277e-02 6.003218517e-02 6.029330939e-02
 6.043732911e-02 6.047338247e-02 6.041104719e-02 6.025994942e-02 6.002954394e-02
 5.972892419e-02 5.936680362e-02 5.895159021e-02 5.849166960e-02 5.799697712e-02
 3.862366721e-04 8.289575344e-04 1.370228594e-03 1.942805131e-03 2.509074751e-03
 3.088525962e-03 3.540730570e-03 3.835899755e-03 3.949914128e-03 3.860453609e-03
 3.536708886e-03 2.934122691e-03 1.980104949e-03 5.772670847e-04-3.523655760e-04
-2.236561268e-04 1.101725502e-03 3.453569720e-03 5.562423263e-03 7.447083946e-03
 9.189876728e-03 1.084446628e-02 1.243621577e-02 1.399315801e-02 1.552918088e-02
 1.705523767e-02 1.858124137e-02 2.011487074e-02 2.166173048e-02 2.322567627e-02
 2.480898611e-02 2.641248889e-02 2.803563327e-02 2.967654169e-02 3.133203834e-02
 3.299768642e-02 3.466781974e-02 3.633558750e-02 3.799302131e-02 3.963116929e-02
 4.124021903e-02 4.280972481e-02 4.432884976e-02 4.578667507e-02 4.717255011e-02
 4.847642779e-02 4.968923330e-02 5.080319196e-02 5.181207135e-02 5.271137506e-02
 5.349845067e-02 5.417247117e-02 5.473438650e-02 5.518674478e-02 5.553349480e-02
 5.577974394e-02 5.593144149e-02 5.599513650e-02 5.597770959e-02 5.588616058e-02
 5.572748184e-02 5.550853163e-02 5.523596704e-02 5.491615459e-02 5.454473943e-02
 2.234511921e-04 4.828464298e-04 8.065563161e-04 1.161857159e-03 1.519435667e-03
 1.846810803e-03 2.101224614e-03 2.243228024e-03 2.237484325e-03 2.047257731e-03
 1.628820435e-03 9.255484911e-04-1.381613693e-04-1.630977611e-03-2.569398610e-03
-2.351870993e-03-8.979532868e-04 1.566147897e-03 3.759935265e-03 5.707655568e-03
 7.492580917e-03 9.167401120e-03 1.076693553e-02 1.231568120e-02 1.383116748e-02
 1.532538328e-02 1.680741273e-02 1.828488521e-02 1.976375468e-02 2.124821953e-02
 2.274087816e-02 2.424286492e-02 2.575398982e-02 2.727285959e-02 2.879697084e-02
 3.032278456e-02 3.184580803e-02 3.336065635e-02 3.486115485e-02 3.634043783e-02
 3.779109195e-02 3.920531273e-02 4.057508335e-02 4.189238697e-02 4.314943403e-02
 4.433887824e-02 4.545401782e-02 4.648901522e-02 4.743900895e-02 4.830024391e-02
 4.907009751e-02 4.974713176e-02 5.033106357e-02 5.082283542e-02 5.122457817e-02
 5.153946579e-02 5.177153647e-02 5.192541331e-02 5.200606957e-02 5.201866850e-02
 5.196844414e-02 5.186061189e-02 5.170027167e-02 5.149233341e-02 5.124595016e-02
 1.343510812e-04 2.918018145e-04 4.908005358e-04 7.121173549e-04 9.328677552e-04
 1.123604248e-03 1.259031706e-03 1.314069028e-03 1.261663507e-03 1.071642735e-03
 7.092297892e-04 1.310788648e-04-7.216867525e-04-1.904054079e-03-2.369818510e-03
-1.418040483e-03-2.426925857e-05 1.628970727e-03 3.329741536e-03 4.974868149e-03
 6.558792666e-03 8.090373129e-03 9.580026381e-03 1.103653386e-02 1.246684510e-02
 1.387697551e-02 1.527321991e-02 1.666196063e-02 1.804869995e-02 1.943729073e-02
 2.082970925e-02 2.222651429e-02 2.362718433e-02 2.503027208e-02 2.643351257e-02
 2.783388086e-02 2.922765911e-02 3.061049990e-02 3.197750077e-02 3.332329914e-02
 3.464217857e-02 3.592817113e-02 3.717521578e-02 3.837728128e-02 3.952852264e-02
 4.062341899e-02 4.165692627e-02 4.262457788e-02 4.352256283e-02 4.434776306e-02
 4.509764537e-02 4.577013850e-02 4.636373743e-02 4.687782377e-02 4.731320590e-02
 4.767227918e-02 4.795840755e-02 4.817532003e-02 4.832676426e-02 4.841648415e-02
 4.844829440e-02 4.842608795e-02 4.835378006e-02 4.823525250e-02 4.807379097e-02
 8.436573262e-05 1.839205215e-04 3.109808604e-04 4.543090763e-04 6.008667988e-04
 7.271516952e-04 8.082454442e-04 8.440203965e-04 8.177779382e-04 7.146718563e-04
 5.228822702e-04 2.356461482e-04-1.424384391e-04-5.344222300e-04-5.013298360e-04
 2.108111948e-04 1.202006591e-03 2.329052659e-03 3.560507903e-03 4.840658512e-03
 6.145870779e-03 7.463770453e-03 8.790364489e-03 1.011281740e-02 1.142168790e-02
 1.270965114e-02 1.398147084e-02 1.524584834e-02 1.651857421e-02 1.779828779e-02
 1.908336580e-02 2.037250996e-02 2.166418731e-02 2.295646816e-02 2.424696833e-02
 2.553284913e-02 2.681083418e-02 2.807724103e-02 2.932803333e-02 3.055888042e-02
 3.176523745e-02 3.294242173e-02 3.408572078e-02 3.519047052e-02 3.625218570e-02
 3.726663068e-02 3.822994605e-02 3.913872689e-02 3.999011591e-02 4.078193381e-02
 4.151297361e-02 4.218150303e-02 4.278120399e-02 4.330771044e-02 4.375850782e-02
 4.413942620e-02 4.445731640e-02 4.471652210e-02 4.491826519e-02 4.506456479e-02
 4.515787587e-02 4.520097747e-02 4.519691318e-02 4.514890537e-02 4.506424814e-02
 5.649707600e-05 1.237170509e-04 2.104849700e-04 3.097393201e-04 4.128913861e-04
 5.089530605e-04 5.887810257e-04 6.471819361e-04 6.798936520e-04 6.862540613e-04
 6.718843943e-04 6.531071267e-04 6.639838684e-04 7.653436624e-04 1.030248473e-03
 1.496718265e-03 2.152007306e-03 2.960326383e-03 3.882359248e-03 4.885808565e-03
 5.949066486e-03 7.056876551e-03 8.197946474e-03 9.362822399e-03 1.054620463e-02
 1.168722752e-02 1.282986905e-02 1.398125943e-02 1.514236070e-02 1.631267741e-02
 1.749042049e-02 1.867348701e-02 1.985966787e-02 2.104661055e-02 2.223176509e-02
 2.341235057e-02 2.458533831e-02 2.574746870e-02 2.689527720e-02 2.802513354e-02
 2.913329564e-02 3.021596745e-02 3.126936778e-02 3.228979558e-02 3.327370062e-02
 3.421775252e-02 3.511892259e-02 3.597454354e-02 3.678238019e-02 3.754065558e-02
 3.824793920e-02 3.890272975e-02 3.950398415e-02 4.003971443e-02 4.049023241e-02
 4.088670760e-02 4.122942314e-02 4.151963815e-02 4.175833240e-02 4.194658250e-02
 4.208580032e-02 4.217783362e-02 4.222505540e-02 4.223043099e-02 4.220239073e-02
 4.156620707e-05 9.173502622e-05 1.578966330e-04 2.362057858e-04 3.223548701e-04
 4.122288665e-04 5.011920584e-04 5.870530731e-04 6.718405057e-04 7.596335490e-04
 8.589018835e-04 9.836730314e-04 1.153865946e-03 1.392166130e-03 1.720618224e-03
 2.154741902e-03 2.697672928e-03 3.344737925e-03 4.084155895e-03 4.901470151e-03
 5.783602130e-03 6.719904952e-03 7.703156210e-03 8.718689904e-03 9.759351611e-03
 1.077684108e-02 1.180256996e-02 1.283813082e-02 1.389097050e-02 1.495666057e-02
 1.603187248e-02 1.711390913e-02 1.820023544e-02 1.928832382e-02 2.037557773e-02
 2.145928703e-02 2.253660373e-02 2.360455506e-02 2.466004714e-02 2.569992095e-02
 2.672098204e-02 2.772004530e-02 2.869398892e-02 2.963978052e-02 3.055453300e-02
 3.143554553e-02 3.228034452e-02 3.308673576e-02 3.385287151e-02 3.457737342e-02
 3.525976092e-02 3.589911014e-02 3.648857027e-02 3.702061623e-02 3.747979924e-02
 3.788738325e-02 3.824699298e-02 3.856113553e-02 3.882857412e-02 3.904912621e-02
 3.922303393e-02 3.935089707e-02 3.943390772e-02 3.947437555e-02 3.948065639e-02
 1.310203791e+00 1.319963455e+00 1.325938702e+00 1.333668709e+00 1.341957808e+00
 1.350718021e+00 1.359922171e+00 1.369632006e+00 1.379779935e+00 1.390433311e+00
 1.401667237e+00 1.413395286e+00 1.425629735e+00 1.438472033e+00 1.451918721e+00
 1.465973139e+00 1.480712771e+00 1.496123672e+00 1.512275219e+00 1.529195070e+00
 1.546922326e+00 1.565517902e+00 1.585011244e+00 1.605473518e+00 1.626945496e+00
 1.649506092e+00 1.673214912e+00 1.698142886e+00 1.724380016e+00 1.752007842e+00
 1.781126380e+00 1.811844230e+00 1.844272137e+00 1.878548026e+00 1.914804459e+00
 1.953202605e+00 1.993921280e+00 2.037149668e+00 2.083115339e+00 2.132048845e+00
 2.184238672e+00 2.239976645e+00 2.299643755e+00 2.363621473e+00 2.432373762e+00
 2.506437540e+00 2.586417675e+00 2.673059702e+00 2.767136097e+00 2.869744301e+00
 2.981978178e+00 3.105232477e+00 3.241393328e+00 3.392358303e+00 3.560802937e+00
 3.750345707e+00 3.965263605e+00 4.211270332e+00 4.496366501e+00 4.832100391e+00
 5.235435486e+00 5.734445095e+00 6.385435581e+00 7.335583687e+00 1.174926853e+01
  149   37
 2.699533999e-01 0.000000000e+00 2.715250552e-01 6.250000000e-02 2.721875012e-01
 7.589814812e-02 2.743819356e-01 1.250000000e-01 2.786540687e-01 1.875000000e-01
 2.846244872e-01 2.500000000e-01 2.925663590e-01 3.125000000e-01 3.025000095e-01
 3.731369078e-01 3.027951717e-01 3.750000000e-01 3.144510686e-01 4.375000000e-01
 3.291570544e-01 5.000000000e-01 3.328124881e-01 5.136228204e-01 3.462563157e-01
 5.625000000e-01 3.631249964e-01 6.141294241e-01 3.668835163e-01 6.250000000e-01
 3.909012079e-01 6.875000000e-01 3.934375048e-01 6.937382817e-01 4.189365208e-01
 7.500000000e-01 4.237500131e-01 7.603607774e-01 4.518814087e-01 8.125000000e-01
 4.540624917e-01 8.167136312e-01 4.843750000e-01 8.662524819e-01 4.910583794e-01
 8.750000000e-01 5.146874785e-01 9.099674225e-01 5.403456688e-01 9.375000000e-01
 5.450000167e-01 9.437977672e-01 5.753124952e-01 9.739347696e-01 6.056249738e-01
 9.918299317e-01 6.325061917e-01 1.000000000e+00 6.359375119e-01 1.001510024e+00
 6.662499905e-01 1.005268812e+00 6.965625286e-01 1.000435114e+00 6.975900531e-01
 1.000000000e+00 7.268750072e-01 9.925336838e-01 7.571874857e-01 9.804233909e-01
 7.875000238e-01 9.639824629e-01 8.178125024e-01 9.430802464e-01 8.243143559e-01
 9.375000000e-01 8.481249809e-01 9.226291776e-01 8.784375191e-01 8.998231292e-01
 9.063327312e-01 8.750000000e-01 9.087499976e-01 8.733015060e-01 9.390624762e-01
 8.484059572e-01 9.693750143e-01 8.197083473e-01 9.760840535e-01 8.125000000e-01
 9.996874928e-01 7.911572456e-01 1.029999971e+00 7.601839304e-01 1.038958907e+00
 7.500000000e-01 1.060312510e+00 7.284784913e-01 1.090625048e+00 6.943998337e-01
 1.096228719e+00 6.875000000e-01 1.120937467e+00 6.592623591e-01 1.147908807e+00
 6.250000000e-01 1.151250005e+00 6.209344864e-01 1.181562543e+00 5.806955099e-01
 1.194010019e+00 5.625000000e-01 1.211874962e+00 5.368629098e-01 1.235286832e+00
 5.000000000e-01 1.242187500e+00 4.892108142e-01 1.272500038e+00 4.380984902e-01
 1.272833109e+00 4.375000000e-01 1.302812457e+00 3.842443526e-01 1.307800293e+00
 3.750000000e-01 1.333124995e+00 3.275215030e-01 1.341058731e+00 3.125000000e-01
 1.363437533e+00 2.673964500e-01 1.372222781e+00 2.500000000e-01 1.393749952e+00
 2.006991357e-01 1.399721861e+00 1.875000000e-01 1.421376824e+00 1.250000000e-01
 1.424062490e+00 1.127106696e-01 1.435503006e+00 6.250000000e-02 1.440477729e+00
 0.000000000e+00 1.436020732e+00-6.250000000e-02 1.424062490e+00-1.174075231e-01
 1.422486186e+00-1.250000000e-01 1.401701808e+00-1.875000000e-01 1.393749952e+00
-2.057985365e-01 1.375307679e+00-2.500000000e-01 1.363437533e+00-2.746565938e-01
 1.345596552e+00-3.125000000e-01 1.333124995e+00-3.373957872e-01 1.314127326e+00
-3.750000000e-01 1.302812457e+00-3.970900178e-01 1.281233907e+00-4.375000000e-01
 1.272500038e+00-4.539010525e-01 1.246187925e+00-5.000000000e-01 1.242187500e+00
-5.070382953e-01 1.211874962e+00-5.562485456e-01 1.207696676e+00-5.625000000e-01
 1.181562543e+00-6.019036770e-01 1.164727211e+00-6.250000000e-01 1.151250005e+00
-6.439934373e-01 1.120937467e+00-6.830007434e-01 1.117128849e+00-6.875000000e-01
 1.090625048e+00-7.208932638e-01 1.065074444e+00-7.500000000e-01 1.060312510e+00
-7.560221553e-01 1.029999971e+00-7.909518480e-01 1.009098649e+00-8.125000000e-01
 9.996874928e-01-8.238288164e-01 9.693750143e-01-8.563321233e-01 9.495477676e-01
-8.750000000e-01 9.390624762e-01-8.871787190e-01 9.087499976e-01-9.177607894e-01
 8.859238029e-01-9.375000000e-01 8.784375191e-01-9.460363388e-01 8.481249809e-01
-9.752370119e-01 8.178125024e-01-9.996566772e-01 8.172835112e-01-1.000000000e+00
 7.875000238e-01-1.028436303e+00 7.571874857e-01-1.051857948e+00 7.392370701e-01
-1.062500000e+00 7.268750072e-01-1.076007962e+00 6.965625286e-01-1.100591183e+00
 6.662499905e-01-1.117704630e+00 6.430765986e-01-1.135791183e+00 6.199031472e-01
-1.153877854e+00 6.127640605e-01-1.136981487e+00 6.056249738e-01-1.120085120e+00
 5.753124952e-01-1.088450313e+00 5.643665195e-01-1.062500000e+00 5.450000167e-01
-1.040338755e+00 5.230147243e-01-1.000000000e+00 5.146874785e-01-9.892296195e-01
 4.856313169e-01-9.375000000e-01 4.843750000e-01-9.356476665e-01 4.540624917e-01
-8.799910545e-01 4.518124163e-01-8.750000000e-01 4.237500131e-01-8.181209564e-01
 4.213568866e-01-8.125000000e-01 3.943228424e-01-7.500000000e-01 3.934375048e-01
-7.478880286e-01 3.703785837e-01-6.875000000e-01 3.631249964e-01-6.664912105e-01
 3.496336043e-01-6.250000000e-01 3.328124881e-01-5.645679832e-01 3.322531283e-01
-5.625000000e-01 3.169129491e-01-5.000000000e-01 3.046885729e-01-4.375000000e-01
 3.025000095e-01-4.242390692e-01 2.941445410e-01-3.750000000e-01 2.857291400e-01
-3.125000000e-01 2.793425322e-01-2.500000000e-01 2.747339606e-01-1.875000000e-01
 2.721875012e-01-1.347811967e-01 2.716673017e-01-1.250000000e-01 2.699770927e-01
-6.250000000e-02 2.699533999e-01 0.000000000e+00
 1.899999976e+00 4.050000012e-01 1.555104256e+00 4.050000012e-01 1.555104256e+00
 8.225002289e-01 1.407930613e+00 8.225002289e-01 1.407930613e+00 1.033000350e+00
 1.039931059e+00 1.033000350e+00 1.039931059e+00 1.195000052e+00 1.899999976e+00
 1.195000052e+00 1.899999976e+00 1.825000048e+00 5.649306774e-01 1.825000048e+00
 5.649306774e-01 1.728081584e+00 7.835000157e-01 1.728081584e+00 7.835000157e-01
 1.715581656e+00 5.825902820e-01 1.547000051e+00 4.165000021e-01 1.547000051e+00
 2.800000012e-01 1.683500051e+00 2.800000012e-01 1.229088545e+00 1.952444017e-01
 1.083500028e+00 1.952444017e-01-1.083500028e+00 2.800000012e-01-1.229088545e+00
 2.800000012e-01-1.683500051e+00 4.165000021e-01-1.547000051e+00 5.825902820e-01
-1.547000051e+00 7.835000157e-01-1.715581656e+00 7.835000157e-01-1.728081584e+00
 5.649306774e-01-1.728081584e+00 5.649306774e-01-1.825000048e+00 1.899999976e+00
-1.825000048e+00 1.899999976e+00-1.195000052e+00 1.039931059e+00-1.195000052e+00
 1.039931059e+00-1.033000350e+00 1.407930613e+00-1.033000350e+00 1.407930613e+00
-8.225002289e-01 1.555104256e+00-8.225002289e-01 1.555104256e+00-4.050000012e-01
 1.899999976e+00-4.050000012e-01 1.899999976e+00 4.050000012e-01
    0 1.700000048e+00    0
&OUT1
ISHOT =       14220
BETAP0 =     0.500000
RZERO =     0.700000
QENP =     0.900000
ENP =      1.00000
EMP =      1.00000
PLASMA =       694758.88
EXPMP2 =      0.20224285      0.30908683      0.23739552      0.18923767
      0.15134212      0.13160434      0.12424566      0.12847845      0.13859679
      0.15644173      0.17664301      0.20199417      0.22858599      0.25488850
      0.28245839      0.30780688      0.32711291      0.34125879      0.35307613
      0.35578337      0.35246381      0.34618333      0.33331934      0.31570983
      0.29529369      0.26748243      0.24047978      0.21535826      0.19254602
      0.16980393      0.14997335      0.14016527      0.13551338      0.13873471
      0.15776236      0.19304143      0.23919001      0.31192389      0.27477187
     -0.20356387    -0.063592441    -0.096955523    -0.035334744    -0.055466443
    -0.085098490    0.0098756664   -0.0060477140    -0.015667981    -0.020824874
    -0.022572061    -0.021222141    -0.016494419   -0.0073762834    0.0079442663
    -0.092063949    -0.058866728    -0.037570998    -0.096624620    -0.063831195
     -0.12188180     -0.17075548     0.035611261   0.00022658512    -0.044964142
     0.051245518     0.040985938     0.028160308     0.014711023    0.0011466747
    -0.012446894    -0.025991796    -0.039022621    -0.049742952     0.054537062
    0.0056483229    -0.030202638      0.16618380      0.11999743
COILS =     -0.20391804     -0.21570112     -0.20901152     -0.19931373
     -0.19365108     -0.19335087     -0.19707014     -0.20597294     -0.21320137
     -0.20254892    -0.057531293    -0.058263656    -0.065928116    -0.067699388
     -0.37625185     -0.37756562     -0.27396926     -0.27229577     -0.85505247
     -0.86884511     -0.73305380     -0.74926943     -0.70077348     -0.71645206
     -0.63598102     -0.63808203     -0.57259357     -0.58621603    -0.052752268
    -0.052277062    -0.059180971    -0.060223501     -0.36510032     -0.36619222
     -0.26165044     -0.25987318     -0.84468120     -0.85912120     -0.72657555
     -0.74281210     -0.70772821     -0.72195727     -0.73846126     -0.63563067
     -0.57233775     -0.58617938
BTOR =     -0.40665945
RCENTR =     0.700000
BRSP =     -26916.6      38078.6      25591.2      38241.4      25464.3
      30.8898      66.3736     -142892.     -142811.     -98258.9     -97948.8
      1629.88     -1449.05      1292.34      1336.67      771.082      566.852
      1017.04      1205.17      614.444      118.873    -0.369270     0.773180
      2605.69      3491.91      4094.69      4220.33      4241.91      4131.28
      3543.13      2646.54      640.493      2199.56      2107.94      1723.13
      1434.62      1913.50      639.552      2239.54      2157.80      1745.77
      1443.69      1935.33      362.265      201.038      608.168      284.683
      53.9026      84.6661      103.775      188.538      199.097      178.658
     -136.849     -72.0882      9120.92     -2493.25     -1576.26     -3370.88
      1318.59      5030.84      2317.97      9433.81      572.960      187.634
      1099.43      1881.47     -8.12382     -266.659     -1674.91      813.769
      322.958      1269.33      421.879      2950.63      292.889      51.2872
      31.7763      71.3309      754.449      80.2692      459.187      450.415
      437.709      469.940      188.947      601.653      571.903      550.811
     -44.5629     -84.3087     -52.4343      585.163      531.360      549.004
     -261.789     -262.699     -171.564      940.239      822.433      800.809
     -1581.95      286735.     0.854268    -0.719971
ICURRT =       2
RBDRY =     0.269953     0.272188     0.278654     0.292566     0.302795
     0.329157     0.346256     0.366884     0.393438     0.423750     0.454062
     0.491058     0.540346     0.575312     0.632506     0.666250     0.697590
     0.757187     0.817813     0.848125     0.906333     0.939062     0.976084
      1.03000      1.06031      1.09623      1.14791      1.18156      1.21187
      1.24219      1.27283      1.30780      1.34106      1.37222      1.39972
      1.42406      1.44048      1.42406      1.40170      1.37531      1.34560
      1.31413      1.28123      1.24619      1.21187      1.18156      1.15125
      1.11713      1.06507      1.03000     0.999687     0.949548     0.908750
     0.878438     0.817813     0.787500     0.739237     0.696563     0.643077
     0.612764     0.575312     0.545000     0.514687     0.484375     0.451812
     0.421357     0.393438     0.363125     0.332812     0.316913     0.302500
     0.285729     0.274734     0.271667     0.269953      0.00000      0.00000
      0.00000      0.00000      0.00000      0.00000      0.00000      0.00000
      0.00000      0.00000      0.00000      0.00000      0.00000      0.00000
      0.00000      0.00000      0.00000      0.00000      0.00000      0.00000
      0.00000      0.00000      0.00000      0.00000      0.00000      0.00000
      0.00000      0.00000      0.00000      0.00000      0.00000      0.00000
      0.00000      0.00000      0.00000      0.00000      0.00000      0.00000
      0.00000      0.00000      0.00000      0.00000      0.00000      0.00000
      0.00000      0.00000      0.00000      0.00000      0.00000      0.00000
      0.00000      0.00000      0.00000      0.00000      0.00000      0.00000
      0.00000      0.00000      0.00000      0.00000      0.00000      0.00000
      0.00000      0.00000      0.00000      0.00000      0.00000      0.00000
      0.00000      0.00000      0.00000      0.00000      0.00000      0.00000
ZBDRY =      0.00000    0.0758981     0.187500     0.312500     0.375000
     0.500000     0.562500     0.625000     0.693738     0.760361     0.816714
     0.875000     0.937500     0.973935      1.00000      1.00527      1.00000
     0.980423     0.943080     0.922629     0.875000     0.848406     0.812500
     0.760184     0.728478     0.687500     0.625000     0.580696     0.536863
     0.489211     0.437500     0.375000     0.312500     0.250000     0.187500
     0.112711      0.00000    -0.117408    -0.187500    -0.250000    -0.312500
    -0.375000    -0.437500    -0.500000    -0.556249    -0.601904    -0.643993
    -0.687500    -0.750000    -0.790952    -0.823829    -0.875000    -0.917761
    -0.946036    -0.999657     -1.02844     -1.06250     -1.10059     -1.13579
     -1.13698     -1.08845     -1.04034    -0.989230    -0.935648    -0.875000
    -0.812500    -0.747888    -0.666491    -0.564568    -0.500000    -0.424239
    -0.312500    -0.187500    -0.125000      0.00000      0.00000      0.00000
      0.00000      0.00000      0.00000      0.00000      0.00000      0.00000
      0.00000      0.00000      0.00000      0.00000      0.00000      0.00000
      0.00000      0.00000      0.00000      0.00000      0.00000      0.00000
      0.00000      0.00000      0.00000      0.00000      0.00000      0.00000
      0.00000      0.00000      0.00000      0.00000      0.00000      0.00000
      0.00000      0.00000      0.00000      0.00000      0.00000      0.00000
      0.00000      0.00000      0.00000      0.00000      0.00000      0.00000
      0.00000      0.00000      0.00000      0.00000      0.00000      0.00000
      0.00000      0.00000      0.00000      0.00000      0.00000      0.00000
      0.00000      0.00000      0.00000      0.00000      0.00000      0.00000
      0.00000      0.00000      0.00000      0.00000      0.00000      0.00000
      0.00000      0.00000      0.00000      0.00000      0.00000      0.00000
NBDRY =      75
FWTSI =      1.00000      1.00000      1.00000      1.00000      1.00000
      1.00000      1.00000      1.00000      1.00000      1.00000      1.00000
      1.00000      1.00000      1.00000      1.00000      1.00000      1.00000
      1.00000      1.00000      1.00000      1.00000      1.00000      1.00000
      1.00000      1.00000      1.00000      1.00000      1.00000      1.00000
      1.00000      1.00000      1.00000      1.00000      1.00000      1.00000
      1.00000      1.00000      1.00000      1.00000      1.00000      1.00000
      1.00000      1.00000      1.00000      1.00000      1.00000
,
FWTCUR =       1,
MXITER =      10,
NXITER =       1
LIMITR =          37
XLIM =      1.90000      1.55510      1.55510      1.40793      1.40793
      1.03993      1.03993      1.90000      1.90000     0.564931     0.564931
     0.783500     0.783500     0.582590     0.416500     0.280000     0.280000
     0.195244     0.195244     0.280000     0.280000     0.416500     0.582590
     0.783500     0.783500     0.564931     0.564931      1.90000      1.90000
      1.03993      1.03993      1.40793      1.40793      1.55510      1.55510
      1.90000      1.90000      0.00000      0.00000      0.00000      0.00000
      0.00000      0.00000      0.00000      0.00000      0.00000      0.00000
      0.00000      0.00000      0.00000      0.00000      0.00000      0.00000
      0.00000      0.00000      0.00000      0.00000      0.00000      0.00000
      0.00000      0.00000      0.00000      0.00000      0.00000      0.00000
YLIM =     0.405000     0.405000     0.822500     0.822500      1.03300
      1.03300      1.19500      1.19500      1.82500      1.82500      1.72808
      1.72808      1.71558      1.54700      1.54700      1.68350      1.22909
      1.08350     -1.08350     -1.22909     -1.68350     -1.54700     -1.54700
     -1.71558     -1.72808     -1.72808     -1.82500     -1.82500     -1.19500
     -1.19500     -1.03300     -1.03300    -0.822500    -0.822500    -0.405000
    -0.405000     0.405000      0.00000      0.00000      0.00000      0.00000
      0.00000      0.00000      0.00000      0.00000      0.00000      0.00000
      0.00000      0.00000      0.00000      0.00000      0.00000      0.00000
      0.00000      0.00000      0.00000      0.00000      0.00000      0.00000
      0.00000      0.00000      0.00000      0.00000      0.00000      0.00000
ERROR =       1
ICONVR =       2
ibunmn =       3
PRESSR =       0.00000      0.00000      0.00000      0.00000      0.00000
      0.00000      0.00000      0.00000      0.00000      0.00000      0.00000
      0.00000      0.00000      0.00000      0.00000      0.00000      0.00000
      0.00000      0.00000      0.00000      0.00000      0.00000      0.00000
      0.00000      0.00000      0.00000      0.00000      0.00000      0.00000
      0.00000      0.00000      0.00000      0.00000      0.00000      0.00000
      0.00000      0.00000      0.00000      0.00000      0.00000      0.00000
      0.00000      0.00000      0.00000      0.00000      0.00000      0.00000
      0.00000      0.00000      0.00000      0.00000      0.00000      0.00000
      0.00000      0.00000      0.00000      0.00000      0.00000      0.00000
      0.00000      0.00000      0.00000      0.00000
RPRESS =       0.00000      0.00000      0.00000      0.00000      0.00000
      0.00000      0.00000      0.00000      0.00000      0.00000      0.00000
      0.00000      0.00000      0.00000      0.00000      0.00000      0.00000
      0.00000      0.00000      0.00000      0.00000      0.00000      0.00000
      0.00000      0.00000      0.00000      0.00000      0.00000      0.00000
      0.00000      0.00000      0.00000      0.00000      0.00000      0.00000
      0.00000      0.00000      0.00000      0.00000      0.00000      0.00000
      0.00000      0.00000      0.00000      0.00000      0.00000      0.00000
      0.00000      0.00000      0.00000      0.00000      0.00000      0.00000
      0.00000      0.00000      0.00000      0.00000      0.00000      0.00000
      0.00000      0.00000      0.00000      0.00000
QPSI =        1.3102038       1.3199635       1.3259387       1.3336687
       1.3419578       1.3507180       1.3599222       1.3696320       1.3797799
       1.3904333       1.4016672       1.4133953       1.4256297       1.4384720
       1.4519187       1.4659731       1.4807128       1.4961237       1.5122752
       1.5291951       1.5469223       1.5655179       1.5850112       1.6054735
       1.6269455       1.6495061       1.6732149       1.6981429       1.7243800
       1.7520078       1.7811264       1.8118442       1.8442721       1.8785480
       1.9148045       1.9532026       1.9939213       2.0371497       2.0831153
       2.1320488       2.1842387       2.2399766       2.2996438       2.3636215
       2.4323738       2.5064375       2.5864177       2.6730597       2.7671361
       2.8697443       2.9819782       3.1052325       3.2413933       3.3923583
       3.5608029       3.7503457       3.9652636       4.2112703       4.4963665
       4.8321004       5.2354355       5.7344451       6.3854356       7.3355837
       11.749269
PRESSW =       0.00000      0.00000      0.00000      0.00000      0.00000
      0.00000      0.00000      0.00000      0.00000      0.00000      0.00000
      0.00000      0.00000      0.00000      0.00000      0.00000      0.00000
      0.00000      0.00000      0.00000      0.00000      0.00000      0.00000
      0.00000      0.00000      0.00000      0.00000      0.00000      0.00000
      0.00000      0.00000      0.00000      0.00000      0.00000      0.00000
      0.00000      0.00000      0.00000      0.00000      0.00000      0.00000
      0.00000      0.00000      0.00000      0.00000      0.00000      0.00000
      0.00000      0.00000      0.00000      0.00000      0.00000      0.00000
      0.00000      0.00000      0.00000      0.00000      0.00000      0.00000
      0.00000      0.00000      0.00000      0.00000
PRES =       3261.8013       3261.1089       3255.6824       3245.6738
       3231.2349       3212.5173       3189.6733       3162.8542       3132.2124
       3097.8994       3060.0671       3018.8674       2974.4521       2926.9729
       2876.5818       2823.4307       2767.6714       2709.4556       2648.9353
       2586.2622       2521.5884       2455.0652       2386.8452       2317.0796
       2245.9204       2173.5198       2100.0291       2025.6006       1950.3857
       1874.5367       1798.2052       1721.5430       1644.7020       1567.8341
       1491.0911       1414.6248       1338.5869       1263.1296       1188.4045
       1114.5635       1041.7584       970.14111       899.86340       831.07715
       763.93414       698.58630       635.18542       573.88336       514.83197
       458.18304       404.08847       352.70007       304.16968       258.64914
       216.29028       177.24498       141.66505       109.70233       81.508675
       57.235916       37.035896       21.060452       9.4614277       2.3906636
       0.0000000
NQPSI =      65
&BASIS
KPPFNC =           0
KPPFKNT =       0
PPKNT       0
PPTENS =       0
KFFFNC =           0
KFFKNT =       0
FFKNT =       0
FFTENS =       0
KWWFNC =           0
KWWKNT =       0
WWKNT =       0
WWTENS =       0
PPBDRY =       0
PP2BDRY =       0
KPPBDRY =       0
KPP2BDRY =       0
FFBDRY =       0
FF2BDRY =       0
KFFBDRY =       0
KFF2BDRY =       0
WWBDRY =       0
WW2BDRY =       0
KWWBDRY =       0
KWW2BDRY =       0
&CHIOUT
SAISIL =       0.0000000       0.0000000       0.0000000       0.0000000
       0.0000000       0.0000000       0.0000000       0.0000000       0.0000000
       0.0000000       0.0000000       0.0000000       0.0000000       0.0000000
       0.0000000       0.0000000       0.0000000       0.0000000       0.0000000
       0.0000000       0.0000000       0.0000000       0.0000000       0.0000000
       0.0000000       0.0000000       0.0000000       0.0000000       0.0000000
       0.0000000       0.0000000       0.0000000       0.0000000       0.0000000
       0.0000000       0.0000000       0.0000000       0.0000000       0.0000000
       0.0000000       0.0000000       0.0000000       0.0000000       0.0000000
       0.0000000       0.0000000
SAIMPI =       18.045256      0.97864091       7.3845730      0.15575953
      0.15316102    0.0091187693      0.57990110       1.9352539       2.6899898
       0.0000000      0.51101792       2.5787826     0.037616011     0.087849602
     0.028147826      0.79154229      0.26613382     0.020251628       1.5453943
     0.025394727      0.12927450       0.0000000   0.00078439683     0.015505399
      0.57785141     0.057782080      0.39416948      0.83883560       1.0103054
       1.2594216      0.96715027      0.36744076      0.83506674   2.4559404e-06
     0.049104478    0.0034041461       1.3530108     0.041887686       9.6436357
       9.5222845       0.0000000       0.0000000       0.0000000       0.0000000
       0.0000000       0.0000000       0.0000000       0.0000000       0.0000000
       0.0000000       0.0000000       0.0000000       0.0000000       0.0000000
       0.0000000       0.0000000       0.0000000       0.0000000       0.0000000
       0.0000000       0.0000000       0.0000000       0.0000000       0.0000000
       0.0000000       0.0000000       0.0000000       0.0000000       0.0000000
       0.0000000       0.0000000       0.0000000       0.0000000       0.0000000
       0.0000000       0.0000000       0.0000000       0.0000000
SAIPR =      0.00000
SAIIP =      0.00000
                                          / MAG
